6 0.1 2000 mse
#
2 input 0
0.672485 -0.687355 

#
35 relu 2
0.608959 0.720084 -0.927379 0.252681 -0.845936 0.766379 0.428744 -0.0696242 -0.39408 0.324929 -0.769252 0.171187 0.9306 -0.0407174 -0.182077 0.341831 0.551898 0.262262 0.160449 -0.191918 -0.908242 -0.327616 -0.562152 -0.149541 1.02642 -0.403807 -0.916933 0.479056 -0.429946 0.0656011 -0.220141 0.440608 0.558485 -0.612705 -0.797385 
-0.500001 0.406891 -0.393017 -0.319734 -0.179549 0.0510662 0.476378 0.680406 0.199493 -0.630972 0.0631131 0.716858 0.158849 -0.219661 0.729435 0.3459 0.980928 -0.586862 -0.42066 -0.462413 -0.647333 -0.118265 0.635238 0.620978 -0.805731 0.829878 0.964105 -0.310023 -0.37154 0.553614 -0.707936 -0.547758 0.498498 -0.230809 0.53311 0.32527 0.438029 -0.0768812 0.840575 0.379074 -0.145635 0.532411 -0.758169 -0.215926 0.56186 -0.232464 -0.98579 -0.935606 0.685584 -0.585288 -0.978295 0.183413 -0.974255 0.916343 0.766362 -0.479055 0.42944 -0.098133 -0.0656079 -0.465964 0.270201 0.830378 -0.00576285 0.263775 0.753249 -0.397394 0.285324 -0.981439 -0.277534 0.740379 
#
35 linear 35
0.77163 -0.542662 0.915967 -0.868952 -0.125561 0.267264 0.600743 -0.747816 -0.248544 -0.568465 0.984036 0.946985 -1.00483 -0.410964 -0.143718 -0.603141 0.356067 0.642144 -0.667663 -0.264521 0.851447 1.00063 0.575226 -0.538353 0.544778 0.0975544 -0.535756 -0.786721 0.375214 -0.137647 0.0737214 -0.2739 0.852584 0.672081 0.583077 
0.0842476 0.561881 -0.860158 -0.643026 -0.288775 0.829315 0.978017 -0.614291 -0.374643 0.748326 0.0446916 0.919377 -0.537985 -0.472928 0.691393 0.869115 -0.0360262 0.744602 -0.669495 -0.12143 -0.249687 0.822823 0.244763 -0.714096 -0.841018 0.572779 -0.106141 0.433102 -0.0834478 -0.935021 0.048568 -0.355974 -0.858295 -0.26821 -0.621162 -0.176083 -0.995321 -0.332389 0.496847 -0.450636 -0.717909 0.717003 -0.0742081 0.203275 -0.0827461 0.598228 0.599282 -0.0947108 -0.131576 0.257691 0.287839 0.0766474 0.713463 -0.318846 0.896247 -0.277825 0.561501 0.292961 0.637051 0.512146 -0.362886 -0.0123216 -0.218423 -0.578214 -0.546669 0.0947364 0.410514 0.358213 -0.635102 -0.452072 -0.534961 0.194464 -0.146225 0.110254 0.173077 0.740301 0.128717 -0.619924 -0.0855532 -0.979227 -0.464274 0.698958 -0.04593 -0.894745 -0.174885 0.586372 -0.967695 -1.00219 0.668549 -0.416143 -0.951759 -0.624581 -0.0385135 0.613866 0.135257 -0.93301 0.632175 0.334599 -0.662474 0.125791 -0.871576 -0.886649 -0.256664 0.319306 0.985371 -0.509554 -0.290619 -0.723025 0.20404 0.584674 -0.934856 0.271351 -0.860393 -0.513491 0.835373 -0.0196348 -0.84911 -0.307491 -0.751614 0.481578 0.855988 0.492886 -0.184513 0.227194 -0.676191 -0.348838 0.294391 -0.862216 -0.559407 -0.558141 0.26735 -0.550179 0.696688 0.372876 -0.290286 0.310862 -0.955102 0.216762 0.166136 0.842508 0.635878 0.448978 -0.833119 -0.148923 -0.116015 -0.914648 0.852018 -0.00654183 -0.365182 -0.0381521 -0.246117 0.333132 0.815212 0.931095 -0.577331 0.0079038 -0.0993507 0.140799 0.438389 0.313285 -0.118092 -0.496732 0.314207 -0.210602 0.308087 -0.486661 0.797306 -0.355993 0.97701 0.841485 0.134079 0.745027 -0.788499 -0.335294 0.719581 0.605261 -0.4158 0.597949 0.443201 0.215582 -0.526736 -0.524247 -0.495925 0.651461 0.516991 -0.843424 -0.826372 -0.193493 -0.59406 0.79225 0.737932 0.973137 -0.800161 0.153033 -0.511772 0.488355 0.895393 0.143135 0.387948 -0.973336 0.886035 -0.924902 0.556832 0.73441 -0.615738 -0.137415 -0.000328307 0.880522 0.241598 0.0463899 -0.334784 -0.0432419 0.413003 -0.900415 -0.979804 0.185807 -0.149104 0.0481411 0.110017 0.388344 0.0371381 0.155529 -0.237288 0.489587 0.768079 -0.178246 -0.748721 0.885146 -0.513175 0.426444 -0.936019 -0.210312 0.039609 0.336121 0.289453 0.383033 0.621175 0.832845 0.737758 -0.872718 -0.674147 0.184492 0.325744 -0.0860118 -0.429012 0.917932 -0.487795 -0.0965113 -0.739481 -0.235933 -0.934459 0.992837 -0.0995202 -0.932811 -0.973734 0.648803 0.475268 0.792631 0.730939 0.213669 -0.403877 -0.295881 0.556628 -0.206559 0.0469083 -0.540398 0.983135 0.0361715 -0.286979 -0.796719 -0.0159125 0.200161 0.524639 0.846395 -0.929826 0.656174 -0.883165 0.752013 -0.384641 -0.510393 0.68928 0.385349 0.937857 -0.0810595 0.0728767 0.066829 0.996954 -0.924086 0.0198364 0.782549 0.0310728 0.847138 -0.26597 -0.584082 0.237477 -0.373641 0.412372 0.446336 -0.150444 0.787749 -0.155864 -0.796644 0.518136 -0.0871993 -0.000567294 0.429536 -0.841659 0.70354 -0.121825 -0.939612 -0.564814 0.154397 0.772776 -0.945803 -0.0836071 -0.934401 0.911622 -0.116149 -0.892831 0.776608 -0.247677 0.43318 0.918396 0.204385 0.950552 -0.837271 0.288965 -0.198131 -0.390799 0.884783 0.890278 -0.408521 0.706796 -0.652078 -0.632726 -0.826266 0.243773 -0.70542 -0.791389 -0.963104 -0.834639 0.0711789 0.386344 -0.101979 0.686405 -0.501699 -0.356741 -0.658193 0.407658 0.87414 -0.797133 -0.652176 -0.649392 -0.355449 0.030933 -0.693946 -0.862726 -0.163832 -0.432184 -0.710924 0.342664 -0.772071 1.01494 0.595984 -0.378553 0.0372364 0.891 -0.752179 -0.125597 -0.0891683 0.767899 -0.632565 0.605333 -0.976383 0.934428 0.0125214 0.935121 -0.0389799 0.930796 0.117622 -0.00829714 0.477748 0.843347 0.563745 -0.303286 0.420667 -0.60801 0.916983 -0.141752 0.241189 -0.474498 -0.517066 0.406813 -0.549438 -0.180557 -0.636269 0.820463 -0.0376076 -0.551122 -0.825421 -0.373269 -0.273768 0.56013 0.701262 -0.662404 -0.887591 -0.440884 -0.989519 0.109487 0.245536 0.745417 -0.192187 -0.510046 0.19142 -0.347248 0.744328 -0.525226 -0.90339 0.878699 0.433181 -0.556409 -0.151843 -0.254637 0.512756 0.183879 -0.55711 -0.402486 0.509882 0.455011 0.158788 -0.619524 0.944931 -0.474095 0.551565 -0.833749 -0.815546 0.615709 0.196609 -0.495342 -0.734388 -0.727576 0.886637 -0.353826 -0.200133 0.641453 0.911431 0.738867 0.621348 0.591479 -0.4373 -0.190214 0.73923 -0.0765248 0.833823 0.171056 0.925447 0.716182 -0.0826309 0.503591 0.139569 -0.543662 -0.422909 -0.803735 1.01878 -0.42905 0.00692639 -1.00873 0.80349 0.883134 0.984223 0.656661 -0.488657 -0.931716 -0.0726562 -0.914671 -0.217174 -0.0737386 0.698268 -0.925501 0.312716 0.733442 -0.981595 -0.645137 0.601857 -0.74112 0.376432 -0.592896 -0.511901 -0.131599 0.797718 0.319802 0.381644 0.115798 0.263623 -0.551874 -0.256792 0.185705 0.78013 0.597828 0.97698 -0.0618511 -0.165241 -0.618582 -0.154965 -0.242831 0.898313 -0.455 -0.164911 0.649895 0.326178 0.0396824 0.00618679 -0.420518 -0.473827 0.232802 0.21888 0.181337 -0.0274708 0.788005 0.0935524 0.453911 -0.719285 -0.301231 0.0887744 0.0899396 -0.755179 -0.318084 -0.959907 0.798809 -0.124923 -0.844182 0.209469 0.388173 -0.980937 -0.941962 -0.777481 0.222993 -0.652588 -0.772888 0.432551 0.370805 -0.114321 -0.655416 0.642737 0.781408 0.533803 -0.74232 0.744518 0.280579 -0.72642 -0.0794169 -0.421787 0.618806 0.751113 -0.308724 0.516644 0.984182 -0.278488 -0.975348 -0.00762343 -0.211569 0.558716 -0.0709324 1.00299 0.158621 -0.729764 0.623202 -0.811321 0.421866 0.587068 0.673858 0.426357 0.041229 0.475126 0.457569 0.815951 0.0179733 0.149306 0.673367 -0.713188 -0.650277 -0.112457 0.368585 0.7637 0.830173 -0.47302 -0.292223 0.894049 0.301412 0.308045 0.0760989 0.283037 0.268477 0.19047 -0.45186 -0.458323 0.0606094 0.742557 -0.474585 0.406569 -0.20719 -0.721392 -0.391977 -0.141668 0.232338 0.677103 -0.855312 -0.957426 -0.634773 0.875615 0.182302 0.939557 0.960059 -0.607734 0.259698 -0.587028 0.782802 -0.533224 0.846504 -0.633122 -0.317756 0.105482 0.54671 0.782654 0.69575 -0.371555 -0.146492 0.105162 -0.463191 0.699784 -0.901931 -0.374001 -0.178016 -0.0958231 -0.851962 0.0706264 0.695827 0.874419 0.89807 -0.0140537 0.420874 0.12151 -0.565937 0.392341 0.107554 0.906936 -0.0146693 -0.525353 0.695666 -0.793998 -0.939761 -0.736812 -0.8106 -0.417484 0.613806 0.789303 0.728844 0.57458 0.831763 0.147271 -0.552459 0.138329 0.416366 0.578106 -0.178837 0.708705 -0.886574 -0.949027 -0.239424 0.225837 -0.939654 -0.210946 -0.0446446 0.887872 -0.0489106 -0.631397 -0.109918 0.339014 -0.00647667 0.31788 -0.163909 -0.135047 -0.967999 -0.277201 -0.702492 -0.358261 -0.171292 -0.109759 -0.538661 0.0813718 -0.697461 0.778727 0.557082 -0.166706 -0.572302 0.962116 0.417438 0.235599 -0.409063 -0.551293 0.0639073 0.208427 0.360609 0.471793 0.518102 0.870147 -0.439425 -0.711323 -0.347172 0.0211737 -0.774621 0.0113211 0.106403 -0.63894 -0.356489 -0.118239 -0.943153 0.227018 -0.993371 -0.0429709 0.53438 -0.319339 0.779541 -0.0758939 0.691847 0.251597 -0.145562 -0.669234 -0.888277 -0.608615 0.330242 0.41574 -0.7584 0.392274 -0.272738 -0.044837 0.84585 0.123549 -0.647797 0.0617831 0.998986 -0.0883797 0.642784 -0.0538237 0.72367 -0.755629 -0.49785 -0.796536 -0.00824518 0.376067 -0.467189 -0.88476 -0.960285 0.557174 0.992761 0.870138 -0.46334 0.350773 -0.954273 0.142549 -0.812897 -0.839543 0.213563 -0.8346 0.222613 0.0996477 -0.959009 0.803928 0.684454 -0.587333 -0.485489 -0.165135 0.915058 -0.23056 0.208047 -0.153026 -0.576949 -0.190097 -0.107652 0.692518 0.60467 -0.470654 0.825311 -0.265686 0.881334 -0.498031 0.61274 0.291505 0.868958 0.283698 0.0466893 0.0554187 -0.920689 -0.129356 -0.227017 -0.2964 0.0670356 -0.978881 0.873224 0.387372 -0.0743642 0.506762 0.865109 -0.159048 0.0256182 -0.687454 -0.107457 0.67263 -0.986902 -0.70311 0.829317 0.289334 0.884478 -0.655639 -0.0966129 -0.983435 -0.927501 0.377474 -0.153282 0.917193 0.0412237 0.903492 -0.0885154 -0.943962 0.248941 0.911414 0.977217 0.443666 -0.843606 0.399987 -0.0689419 0.379701 -0.103575 -0.413927 -0.517306 0.215339 -0.393772 0.0295746 0.199662 -0.0736157 -0.862302 0.312764 -0.811676 0.447711 0.690392 0.182316 0.196471 0.326348 -0.965395 0.616528 0.807181 0.294582 0.291275 -0.625992 -0.0365211 -0.829797 -0.0833243 0.391448 -0.043492 0.484662 0.927813 -0.0203723 0.907732 -0.192722 0.0568362 0.215515 -0.802385 0.0152628 -0.04034 0.274704 0.388549 0.577537 -0.0352258 0.115758 0.171766 -0.333849 1.0131 0.199601 0.231218 -0.836617 0.0713856 -0.578848 0.297261 -0.681572 -0.879535 0.501202 -0.814296 -0.117433 -0.0261594 -0.645272 -0.420448 0.91428 0.0655191 -0.155922 0.476165 -0.802438 -0.0956056 -0.166412 0.739866 -0.412621 0.38455 -0.226676 0.847805 -0.512721 0.0162946 -0.404827 0.12292 -0.538925 0.659322 0.2499 -0.628688 -0.891123 -0.423477 0.937883 -0.548392 0.116636 -0.135661 0.34337 -0.479352 -0.923501 0.324105 0.810844 -0.36585 0.611684 -0.0447879 -0.643857 -0.314534 -0.418343 0.508233 0.02687 -0.0586012 -0.433701 0.834359 -0.295874 -0.275751 0.575587 0.0627748 0.0833609 0.216557 0.956674 0.104136 0.610654 0.705364 -0.530502 0.396494 0.827494 -0.178148 -0.104867 0.273393 0.910801 0.736114 0.911595 0.109448 0.441379 0.202368 -0.206564 0.565107 0.248669 -0.732274 -0.541434 -0.0656907 -0.354524 0.699789 -0.855101 -1.00083 -0.36408 -0.332394 -0.661413 -0.612372 0.483104 -0.419618 -0.474969 0.532294 -0.673307 0.216379 -0.482116 -0.155786 -0.609867 0.273025 0.453044 -0.11214 -0.715026 0.860178 -0.379349 -0.368081 0.390653 0.563336 -0.349164 -0.964066 0.212853 0.204816 -0.980322 0.250011 -0.612193 -0.391002 0.422649 -0.79039 0.943834 -0.671128 0.153763 0.276148 0.686873 0.292511 -0.926432 -0.230491 -0.515066 0.541531 0.468217 -0.841588 -0.539394 -0.401961 0.250917 -0.969985 0.305157 0.713877 -0.97083 -0.113573 0.399623 0.30593 0.659259 0.753427 0.0498016 0.919994 0.698068 0.263437 -0.535425 -0.69014 -0.525316 -0.0505903 -0.395239 0.559562 -0.347858 0.502656 -0.338761 0.0520628 0.102093 0.570955 0.090838 -0.895928 -0.244519 0.513997 -0.694653 -0.317163 0.903542 -0.556277 0.940754 0.0920548 -0.602924 0.293079 -0.91169 0.864361 -0.91204 -0.684942 -0.439403 -0.153977 -0.538807 0.570034 -0.705566 0.461355 -0.242874 -0.21606 0.0129187 0.414962 0.451398 -0.102628 -0.531899 0.1146 0.950168 -0.112813 -0.633108 -0.260485 -0.387997 0.289375 -0.114275 -0.224052 0.138048 -0.576456 -0.294428 -0.904654 0.981793 -0.604169 -0.542045 0.549452 0.551861 0.905475 -0.63728 0.441164 -0.89082 0.214919 0.139879 -0.94675 0.861898 -0.628425 0.767392 -0.64057 0.737514 -0.142369 0.795734 -0.523681 0.508684 0.642555 0.42168 0.944374 0.672297 -0.770427 -0.882289 -0.72841 -0.260744 0.530778 0.839298 -0.0275747 -0.765256 -0.356978 -0.609424 -0.997705 -0.527345 0.816231 0.339928 0.913497 -0.510306 -0.330081 -0.735091 -0.441916 0.724938 -0.767722 -0.835614 -0.58872 0.240574 -0.928821 0.222543 -0.702846 0.261688 -0.391744 0.31308 0.30627 0.892397 0.859701 -0.770706 0.175602 0.0586619 0.177463 -0.416071 -0.219132 0.295432 0.395483 -0.637833 -0.488301 0.117551 -0.420566 0.607817 0.157492 -0.285417 -0.901684 0.191236 0.634583 -0.312132 0.22544 -0.758141 0.0646914 0.837699 -0.116476 -0.95664 0.663562 -0.345705 -0.474548 -0.746537 0.78851 0.965158 -0.687287 0.25035 0.175257 0.944483 0.332796 0.595277 0.509496 0.516293 0.672131 0.423116 0.332726 0.321978 -0.0262435 0.0516194 -0.190764 -0.56952 -0.312641 -0.387511 0.571188 0.563329 -0.213171 -0.892375 -0.194579 -0.819039 -0.644735 -0.55084 -0.148821 0.345598 0.0567635 0.416366 -0.902112 0.393154 -0.8396 -0.0013556 0.827849 -0.173922 -0.51738 0.138368 -0.987891 0.542585 -0.560627 -0.153776 -0.578414 0.465011 0.629563 0.545571 0.685101 0.187424 0.00134102 0.0954232 -0.26821 -0.412035 0.946521 -0.262392 -0.625665 0.23424 -0.758735 
#
20 sigmoid 35
-0.419367 -0.254007 0.964011 0.833657 -0.446407 -0.103638 -0.706599 -0.595582 0.777923 -0.969909 -0.855702 0.685429 0.753273 0.0365523 -0.282201 0.320908 -0.706006 0.329622 -0.729423 0.187998 
0.626407 0.111697 -0.225635 0.199613 0.452175 -0.117423 0.227451 0.246057 -0.156227 -0.815901 -0.00847982 0.024136 -0.200984 0.585468 0.758048 -0.634798 -0.861476 -0.212451 -0.76899 0.799553 0.737703 -0.66996 0.596856 0.761244 0.938465 0.105885 0.842383 0.0359754 0.685053 -0.12636 0.0933373 0.572265 0.805722 0.788137 0.460153 -0.377854 0.872975 0.903197 -0.135326 -0.266275 -0.601466 -0.24814 0.596255 -0.582426 0.337411 0.522661 -0.00777462 0.369877 0.0805125 0.534534 0.0822705 0.118954 -0.337684 -0.568482 -0.793365 0.336754 -0.887068 -0.911608 0.140397 -0.0510367 -0.369303 0.0612256 -0.501013 -0.902485 0.825229 -0.283853 -0.216541 -0.0656637 -0.267775 0.466751 -0.343372 0.455865 0.242155 0.799759 -0.867452 -0.967423 0.711079 -0.140883 0.258052 -0.56897 0.40107 -0.0208117 -0.565924 0.839679 -0.231848 0.078033 -0.440385 0.458367 0.31036 -0.746578 0.424259 0.673623 -0.430864 -0.192823 -0.279687 0.481128 -1.0338 0.942811 0.240154 0.401772 0.859303 0.982867 0.206205 0.802869 -0.39123 -0.321441 -0.587227 0.987556 0.887018 0.762671 0.740563 0.161371 -0.435001 -0.796749 0.541539 -0.743059 0.204062 0.164786 -0.000965086 -0.704593 0.685806 0.182078 -0.736341 -0.0914847 0.90525 -0.0708499 -0.663992 -0.893771 0.0530168 -0.456819 -0.0228801 0.330012 0.121969 -0.200892 0.0656893 -0.521148 -0.242962 0.504138 0.803478 -0.613236 -0.103292 0.261733 -0.48694 0.173458 -0.320599 -0.560571 0.687936 -0.0621158 -0.181229 0.960165 -0.114976 -0.697632 0.0353058 -0.529293 0.619586 0.886505 0.238507 0.150187 0.167321 0.0374695 0.654929 -0.0865804 -0.345049 0.447072 0.186668 0.0456193 0.664018 0.620763 -0.887625 -0.501301 0.265695 0.60809 -0.882799 0.0585059 0.299237 0.964161 0.74019 -0.58003 -0.789379 -0.540244 -0.151359 -0.0512544 -0.322249 0.546126 -0.865035 -0.506021 -0.0090091 -0.810853 0.0125035 0.711816 -0.288205 0.551133 0.708625 -0.0782615 0.781014 0.154294 -0.201073 -0.744807 -0.769519 0.56533 -0.382144 -0.839998 0.655819 -0.496612 -0.790427 -0.333655 -0.26399 0.731156 -0.0170838 0.491261 -0.0413661 0.541713 0.668587 -0.309025 0.253151 -0.399337 0.734407 0.431036 0.940435 -0.251063 0.452765 0.879731 0.681447 0.876266 -0.196108 0.805218 -0.405386 -0.810815 -0.469208 -0.0186021 -0.271785 0.972072 -0.139987 -0.813206 -0.688698 -0.835497 0.0837553 -0.21469 0.848415 0.406626 -0.823312 0.712632 0.372649 -0.963165 -0.486876 0.471206 0.696787 -0.665759 -0.603184 -0.131841 -0.455561 0.143007 0.376048 -0.354968 -0.0525534 0.504948 0.435077 -0.381265 -0.26785 0.995219 -0.498141 0.654535 -0.354302 -0.151654 -0.572745 -0.112465 -0.62714 -0.806687 -0.841297 -0.985942 -0.47695 -0.505593 -0.607108 0.852427 0.894996 0.879156 0.586621 0.850615 -0.62368 -0.872595 0.26059 0.619227 -0.967893 -0.24872 -0.0403726 0.00613625 0.394467 0.132139 -0.268819 -0.546273 -0.607669 0.561831 -0.283573 0.248981 -0.779479 0.383578 0.433062 0.0466215 0.656957 -0.891797 -0.988012 0.347339 0.210293 0.582307 -0.217863 0.362101 -0.202405 -0.94983 -0.894143 0.957362 -0.202399 0.917092 -0.314468 -0.579714 -0.463518 -0.98916 -0.638213 0.437204 -0.0844783 -0.431507 0.145644 -0.17881 0.145182 0.943341 0.858796 0.613085 0.190497 -0.625996 0.644241 -0.841405 -1.02848 0.328495 -0.8089 -0.135376 -0.370922 -0.710059 -0.917948 -0.956602 0.930853 -0.988155 -0.961646 0.179215 0.546328 -0.831297 0.380132 0.165301 0.0455441 0.658464 0.790257 0.129935 0.427317 0.26431 -0.568726 -0.418282 0.641058 -0.308942 -0.907459 0.431514 0.889769 -0.763502 0.598221 -0.674378 0.649443 -0.174433 0.370565 0.0605423 -0.166347 -0.694179 -0.268467 0.670942 -0.876704 0.66476 -0.825151 0.898638 -0.484523 -0.487906 0.903434 0.607262 0.0676374 0.715368 -0.799433 0.992451 -0.8527 0.890822 0.674028 -0.651431 0.230192 -0.978768 -0.153783 0.129062 0.129139 0.506522 0.908374 -0.144657 0.392427 -0.29234 -0.255973 0.651977 -0.915052 0.665979 0.794612 0.56946 -0.583521 0.888993 -0.392097 0.599514 -0.644532 -0.52703 -0.797482 0.293061 0.264437 -0.615658 -0.234123 -0.328655 -0.77062 0.491465 0.42835 0.615619 -0.932004 -0.606402 -0.288936 0.196153 -0.663998 0.347882 0.416096 -0.164857 0.487296 0.0397623 0.320907 -0.379082 -0.127865 0.485303 -0.16357 0.525533 -0.716441 0.104741 0.441218 -0.127565 0.513147 0.50188 0.952647 -0.873657 0.659775 -0.5348 -0.522863 0.500731 -0.756928 0.611859 -0.231375 0.0340506 -0.839369 -0.690441 -0.495722 -0.750351 -0.299017 0.172878 -0.813282 0.0779043 -0.939377 0.326317 0.501991 0.173356 0.922555 0.143483 0.956023 -0.797644 0.190698 0.0653607 0.184274 0.550978 0.912572 0.620214 0.817299 0.585472 -0.828941 0.429465 0.026425 -0.370118 -0.772646 0.321388 0.530271 0.206292 0.000352733 -0.435392 0.0385289 -0.947533 -0.124726 -0.415853 0.795185 0.0574153 -0.695346 0.283762 -0.49928 -0.217718 0.248073 -0.756227 -0.417069 -0.967794 0.224175 0.516495 -0.339239 0.166874 -0.303726 -0.765231 -0.827241 0.0223992 0.401083 0.417397 -0.803997 -0.772017 0.253211 0.568505 -0.790013 -0.317932 -0.360382 0.127076 -0.41107 0.069104 0.843884 0.677853 -0.854178 -0.71753 0.620978 -0.413771 0.0305174 0.793566 -0.013154 -0.792647 -0.753087 0.874671 -0.527786 0.16349 -0.857383 0.747436 0.382556 0.518577 -0.552288 0.881622 0.186303 -0.437562 0.349789 0.157578 0.327274 0.0997983 -0.212418 0.956628 0.145594 -0.650786 0.681896 0.511128 -0.871276 -0.497403 -0.573199 -0.0389674 0.275892 -0.00965017 -0.472897 0.93373 -0.346349 0.286161 0.568442 0.52679 0.673068 0.785805 -0.434657 0.844979 -0.572875 0.848011 0.695736 0.499486 0.527373 -0.075469 -0.533032 -0.124733 0.128559 0.915792 -0.67618 -0.780241 0.342228 0.401654 -0.905578 0.698723 0.0162887 0.817218 0.0306135 -0.419643 -0.74271 -0.326235 0.812026 0.185076 -0.230065 0.914195 -0.505304 0.750512 0.383929 -0.855647 0.259034 0.380108 0.517445 0.450542 0.783063 -0.64579 -0.632718 -0.754348 0.62123 0.897887 -0.213405 -0.848509 -0.120883 -0.170869 -0.640807 0.569793 -0.867767 0.00470387 0.571581 0.869771 -0.539088 0.416103 0.708361 0.432081 -0.375591 0.439351 0.978791 -0.891044 -0.0985799 -0.838326 -0.868786 -0.0243093 0.244839 0.259855 0.677382 0.564314 -0.990583 -0.165154 -0.990869 0.845743 0.607846 0.847914 -0.437594 -0.783019 -0.464106 -0.858458 -0.589698 0.0674538 0.335835 0.990458 -0.6146 0.58117 0.649692 -0.891004 -0.626884 -0.0855505 0.847747 -0.683527 0.407603 -0.847202 0.428971 0.830509 0.0501014 0.885467 0.729629 -0.562335 -0.558377 -0.800432 -0.827302 -0.658318 0.130482 0.731832 -0.919261 0.434885 0.137604 0.342616 -0.0704718 0.938221 -0.985543 -0.730841 -0.399672 0.153841 0.241751 0.791101 -0.434932 0.447879 -0.799973 -0.217993 -0.00118291 -0.929249 0.914133 0.515291 -0.0552432 -0.881136 0.570012 -0.331249 -0.773933 -0.129508 -0.589677 0.715206 0.0755645 -0.85049 0.808673 -0.967505 
#
10 tanh 20
-0.0931974 -0.0947193 -0.722533 0.038212 -0.799164 0.460921 0.875227 0.763297 0.462893 -0.408171 
-0.3227 0.906414 -0.957967 0.14236 -0.0477003 0.505741 0.814445 0.665195 0.575809 -0.446766 -0.612873 -0.647712 -0.396826 0.0873951 0.0844055 -0.986745 0.618246 0.776809 0.540787 0.786844 0.357329 0.402777 0.978309 -0.16268 0.971223 -0.836859 0.146056 0.157355 0.140244 -0.69119 0.519417 0.627143 -0.378736 0.978793 -0.321878 -0.845773 -0.537865 0.133419 -0.370955 0.0179796 -0.0956171 0.0931314 0.0534539 -0.580901 -0.136794 0.333924 -0.0936459 -0.768436 0.449895 -0.753271 0.532658 0.499575 -0.432852 -0.666818 0.106689 -0.724279 -0.101182 0.68207 -0.227411 0.200401 -0.94519 0.163603 0.531716 0.325104 -0.797925 0.374395 0.436565 -0.490913 0.263145 0.487595 0.0775774 0.458605 -0.188491 0.589028 -0.159089 0.159995 -0.450219 -0.358555 -0.312292 -0.848264 0.918685 0.485654 1.01231 0.374607 -0.45333 0.0221747 -0.592754 -0.917599 -0.867024 0.547549 0.0871553 -0.437172 -0.745622 -0.501204 0.945654 -0.370918 -0.270872 0.47901 -0.630068 -0.185419 0.468386 -0.770261 -0.0199438 0.656082 0.536821 0.219966 0.75563 0.0151295 -0.957004 0.915628 0.606527 -0.502844 0.145711 0.765777 0.180445 0.249827 -0.578937 0.142512 -0.288489 0.670221 0.102624 -1.02703 0.855353 -0.556089 -0.63773 -0.415629 -0.606965 0.0875185 0.590939 0.101722 0.692229 -0.93194 0.99032 0.704477 -0.489363 0.207711 -0.886459 -0.610145 -0.632805 -0.821647 -0.869275 -0.54097 -0.21068 -0.898656 -0.22572 -0.680663 -0.947825 -0.664039 -0.914136 -0.781886 0.0632293 0.223277 0.781894 -0.70939 -0.109231 0.520722 -0.38289 0.900284 -0.194626 0.928025 0.0281769 -0.0536883 0.987551 -0.656724 -0.555206 0.916571 0.777038 0.551877 -0.145744 0.62098 -0.134639 0.0841541 -0.805347 -0.00862538 -1.0366 -0.618443 -0.890671 0.427815 -0.403802 -0.847482 -0.684099 0.891577 0.402269 -0.206987 -0.641842 -0.150269 0.199238 0.734976 1.00138 -0.705575 -0.460118 -0.224721 0.886048 -0.814177 -0.927949 -0.133261 -0.586703 0.423422 -0.244435 0.743613 
#
1 sigmoid 10
-0.234002 
1.26497 0.257127 1.01207 -0.848556 -0.604438 -1.0089 -1.36338 -0.423198 -1.4276 -0.379278 
