5 0.1 2000 bin_crossentropy
#
2 input 0
0.538696 0.303676 

#
20 relu 2
1.33317 -0.749682 -0.130527 0.0591172 0.878415 -0.00666194 -0.898693 0.0415645 -1.37101e-05 0.945276 -0.00185774 -0.969979 -0.120918 0.491142 0.152677 0.993028 -0.796721 -0.736887 -0.120009 -0.367063 
-1.33318 -1.3332 0.519866 -0.903721 -0.813721 -0.777143 -0.910436 1.08553 0.610013 0.72408 -0.224142 -0.605333 0.999501 0.898706 0.369507 0.315206 1.27152 -0.315415 -0.945276 2.11769 -0.434615 -0.218414 -0.219437 0.653963 -0.209619 -0.118823 0.699687 -0.938795 0.343596 -0.435846 1.62762 -0.993048 0.722798 -0.180614 0.671245 -0.984068 0.117876 -0.872303 -0.998593 -0.0190173 
#
12 sigmoid 20
0.951616 -0.426662 0.888548 0.232459 -0.765006 -0.463874 -0.517411 -0.624312 -0.948517 0.644381 0.0152582 -0.279912 
0.270903 0.715239 -0.194657 -1.13574 0.916856 -0.856163 0.0230993 0.268595 0.176184 -1.35451 0.0697102 -0.94135 -0.071496 1.13754 -0.22336 1.58322 0.4439 -0.510591 -0.818312 0.139581 0.373958 -0.514842 -0.581594 0.15104 0.226795 -0.707233 0.753317 0.889014 0.24978 0.885082 0.700276 -0.298471 -0.310486 -0.0379292 -0.121928 0.485009 0.562084 -0.884622 0.464674 0.153376 0.48143 -0.0412452 0.901274 0.491884 0.260771 0.649548 -0.0779067 -0.0516683 0.465789 0.367167 -0.729875 0.614526 0.522577 0.712938 -0.141387 0.0886181 -0.0591209 0.645717 -0.675114 0.594186 0.605243 0.0722015 0.916666 -0.737998 -0.691436 0.0663408 0.916799 -0.456238 0.00150176 -0.243124 -0.386597 -0.630291 0.633669 -0.169085 0.268428 -0.610364 0.293047 -0.359095 -0.480809 0.433787 0.0532106 -0.68242 0.189984 -0.878662 -0.0853558 -0.707356 -0.159436 0.518201 1.07517 -0.760877 0.745262 -0.283124 0.0507022 0.892286 -0.261532 0.546453 -0.64346 -0.415064 0.523521 -0.583676 -0.602185 -0.296744 0.0156809 -0.266837 -0.553804 -0.515067 -0.711439 -0.570177 0.765912 0.602416 0.451195 -0.99997 -0.847977 -0.386318 -0.919482 0.233553 0.595122 0.272947 0.833905 0.588909 1.05613 0.320304 0.706351 0.470604 0.460226 -0.806566 0.540037 -0.310838 -0.768001 1.23705 0.325987 0.116896 -0.0338197 -0.151633 -0.530347 -0.546595 0.758873 -0.723788 -0.696135 -0.540368 1.08459 -0.496201 0.683274 -0.803878 -0.0442738 -0.25178 0.448568 -0.277663 -0.394801 0.808203 -0.594504 -0.917458 0.0577507 0.0474158 -1.03568 0.12449 0.672737 0.211777 -0.351033 0.706128 -0.549546 -0.907885 -0.211195 -0.81466 -0.69392 0.463777 -0.355196 -0.812673 0.129726 0.0440338 -0.0583355 0.258048 -0.658752 0.422259 0.497777 -0.32537 -0.462606 0.764126 -0.920819 0.473612 -0.475368 -0.333267 0.0435332 0.229384 -0.573137 0.393081 0.878765 -0.56945 0.6576 -1.35278 0.135456 -0.590575 0.0542017 0.178504 -0.501109 0.329595 -0.0112815 -0.619863 0.136961 -0.67974 -0.900816 -0.00487779 0.735286 1.03017 -1.05239 -0.357046 -0.940784 0.635813 -0.512176 0.935266 0.289204 0.253035 -0.385021 0.839713 -0.989482 -1.26013 -0.376857 -0.716481 -0.934776 -0.194912 -1.44172 0.693695 0.611717 -1.02849 -0.184994 0.290713 -0.662553 -0.232106 -0.405051 -1.0702 -0.802649 0.812867 -0.0773883 0.482249 1.00711 0.947684 0.0920539 -0.0755391 -0.987224 0.936766 
#
4 tanh 12
-0.0187068 -0.487401 -0.524071 0.387264 
1.83842 -0.096151 -0.831398 0.0522442 -0.338298 -0.906059 0.422821 1.10832 -0.87168 -0.767802 -1.39934 -1.54747 -0.828915 0.358086 0.406631 0.389593 1.26801 0.178714 -1.68636 -1.28966 -0.841145 0.835288 0.435389 1.62917 -1.70597 0.458797 -0.660481 -1.1135 -1.73143 0.153582 1.13428 0.371176 0.790212 -0.87674 1.4579 -0.612979 0.792142 0.0652955 0.888069 0.61909 -0.106911 0.388258 0.184935 -0.869987 -0.851001 0.547145 0.798316 -0.180131 
#
1 sigmoid 4
1.80933 
-3.89144 3.67524 3.67669 1.53125 
