6 0.1 2000 mse
#
2 input 0
-0.184026 -0.315518 

#
35 relu 2
0.00632166 -0.564684 0.874519 -0.941816 -0.518537 -3.87334e-06 0.17742 -0.890801 0.467452 -0.956032 -0.726881 -0.637706 -0.827282 -0.686064 -0.580945 0.442365 -0.953842 0.745392 0.961003 1.88576e-06 -0.844279 -0.892075 0.8878 -0.694226 -0.0279124 -0.638922 3.21117e-06 -0.487257 -0.496072 0.0881166 -0.476523 -0.700965 -0.759674 -0.754877 0.0889803 
0.307922 0.722879 0.318899 -0.167145 0.553162 -0.331617 0.56017 0.247967 -0.928868 -0.0190335 -0.76946 -0.315425 0.393474 0.661963 0.575142 0.188038 0.190918 0.531734 -0.381128 -0.869935 -0.197283 -0.946789 -0.105061 -0.497258 -0.715541 -0.135455 0.664555 0.0215056 -0.982738 0.00857569 -0.23392 -0.714231 -0.0179047 -0.255354 1.12319 0.851174 0.0502028 -0.948856 -0.873002 0.69332 0.582844 0.79888 -0.515319 -0.118136 -0.0584601 0.874305 0.370295 0.7282 -0.819562 -0.465406 -0.760332 -0.528452 0.33486 -0.821555 1.0284 -0.836195 0.495782 -0.937339 0.244832 -0.846491 -0.162421 0.193595 -0.544411 0.888923 -0.490366 -0.586346 -0.301033 -0.365111 -0.798438 0.988904 
#
35 linear 35
-0.154165 0.0845152 0.85089 -0.165586 -0.57945 0.166337 -0.536556 0.627709 0.590887 0.536557 -0.219792 -0.794285 -0.889292 0.851543 -0.600012 0.481547 -0.953777 -0.697292 0.89912 -0.453178 -0.764737 0.653354 0.404036 -0.505292 -0.817992 0.790164 -0.266589 -0.271619 -0.630614 1.00859 -0.892162 0.411842 -0.995108 -0.280697 0.778986 
0.907994 0.573574 0.930727 -0.762542 0.782233 -0.315731 0.243935 -0.630061 -0.492855 0.440328 -0.554351 0.183293 0.172086 -0.992327 0.794027 -0.586279 -0.689324 0.0750955 -0.890343 -0.258043 0.298441 0.35151 0.935197 -0.271934 0.744413 -0.827323 0.625306 -0.510136 -0.969509 -0.827601 0.264216 -0.699616 -0.279053 0.2138 0.315016 0.291922 -0.759643 -0.0371394 0.414324 0.539164 -0.296375 -0.630502 -0.925996 0.525302 0.549779 -0.170982 -0.650281 -0.85331 -0.660819 -0.0206896 -0.0352973 -0.447236 -0.301682 0.509378 -0.868777 -0.764818 -0.132617 0.437046 0.820241 0.17245 0.280838 -0.615084 0.641866 0.225874 0.366278 -0.805954 -0.676919 0.016649 -0.877482 -0.78923 0.56201 0.875973 0.677233 -0.168189 -0.51786 0.225338 -0.659462 0.0997364 -0.391381 -0.317058 -0.968052 0.763754 -0.788249 -0.775135 -0.51262 -0.537882 0.186912 0.373515 0.0216256 -0.30368 0.618779 -0.79632 0.437971 -0.0626954 -0.764366 0.0519588 0.258577 0.578389 -0.269846 -0.0900042 0.80764 0.668678 0.150655 0.261652 0.0800584 -1.01991 0.681928 -0.458981 0.483116 -0.326141 -0.639352 0.231243 0.501625 -0.455231 0.342809 0.846722 -0.736471 0.294058 -0.756473 -0.143309 0.310064 0.349805 0.400927 0.49784 -0.13116 0.316101 0.190686 -0.152326 0.0701378 0.303465 0.987362 0.224763 0.400731 0.344817 0.762621 0.228078 -0.403366 0.473879 0.635353 0.0492646 0.645304 -0.849031 0.172499 -0.566666 0.786528 0.35146 0.337399 -0.0660002 0.152995 -0.820786 -0.328502 0.632533 0.633181 0.772572 -0.177006 -1.01949 0.422108 -0.310501 0.582645 0.164863 0.244919 0.0848294 0.0683913 -0.919761 0.513343 -0.140371 -0.156312 -0.242723 -0.22056 -0.679851 0.486498 -0.277858 0.662388 0.613776 -0.240456 -0.394679 0.507812 -0.671049 -0.636043 -0.294817 -0.816009 0.0244958 0.767297 -0.987945 0.724915 -0.352068 0.578061 0.224219 0.636202 -0.399712 0.48803 0.481672 0.514324 0.0236838 -0.767918 -0.898378 0.959604 0.189865 -0.0117403 -0.454993 -0.786573 0.946628 -0.314917 0.099141 0.104116 0.895328 -0.26581 0.324587 -0.762265 0.454328 -0.960272 0.191887 -0.660243 -0.674707 0.910878 -0.32477 -0.664496 0.000183931 0.0912893 0.00541357 0.824354 -0.418709 -0.91651 -0.456954 0.30928 -0.0410316 -0.113396 0.817167 -0.136999 0.722663 -0.465524 0.361126 0.504476 -0.304966 0.291931 0.650026 0.904433 0.481978 -0.0199925 0.119211 0.00506015 -0.751862 -0.577972 0.513882 0.530839 -0.155767 0.809017 -0.847869 -0.152551 0.305344 -0.437533 -0.839281 0.419716 0.967124 0.0875171 0.488762 -0.799955 0.968393 -0.190587 0.790147 -0.299016 -0.496431 0.60366 -0.0497448 -0.688914 -0.898214 -0.986121 0.760004 0.997813 -0.722044 -0.078329 -0.0499751 -0.383964 0.932348 0.127609 0.809868 -0.391093 0.286922 0.0383117 0.856788 0.406557 0.119518 -0.507272 0.227267 0.253448 -0.846218 -0.48391 -0.120111 0.537931 0.636323 0.977189 0.77825 -0.791679 -0.970508 0.775789 0.823507 -0.207984 0.794922 0.168556 -0.285943 0.450507 -0.493403 -0.421791 -0.818689 -0.616762 0.0819002 -0.594835 -0.769571 0.482039 0.827488 -0.324282 0.974086 0.468009 -0.951659 -0.751041 -0.338931 0.761594 -0.157047 0.600966 0.286998 -0.467637 -0.171351 -0.126636 0.478169 0.385343 -0.764019 -0.00269599 0.851437 -0.215776 -0.139028 0.705445 0.273635 -0.104128 -0.357799 -0.11332 -0.469901 0.659924 0.55911 0.805138 -0.561941 0.584139 -0.731696 -0.17229 0.471319 0.174145 0.260511 0.445163 0.650847 0.872311 0.428587 0.601658 -0.905703 -0.311744 -0.843335 -0.134254 -0.374105 0.439295 -0.492845 -0.188928 0.469827 0.455597 -0.263212 -0.888256 -0.751716 0.9396 0.0772271 0.319371 -0.414426 -0.503997 0.380051 0.178519 -0.441743 0.888993 0.0594411 0.205952 -0.219431 -0.950748 0.193999 -0.568236 0.499578 -0.00264551 0.295168 -0.819264 0.235103 -0.186035 -0.802073 -0.475202 0.741145 0.153642 0.23524 -0.816988 -0.351573 0.887995 -0.923614 0.171858 -0.901332 -0.655126 0.825135 0.419443 -0.670924 -0.330066 0.875527 -0.805946 -0.917435 -0.87069 0.821763 -0.570616 0.941607 -0.609045 0.53116 -0.168261 -0.52653 0.0763617 0.0727307 0.329497 -0.981903 -0.794193 -0.0846986 0.482318 0.277885 0.307898 -0.0381467 -0.189147 0.0777523 0.340479 0.866974 -0.550649 -0.980465 0.730602 -0.153607 -0.884388 0.989543 0.583822 0.804888 -0.49461 0.617542 -0.922695 0.821178 -0.386886 -0.0678252 0.412609 0.638626 0.069504 -0.61728 -0.37648 0.991984 0.223972 -0.584632 0.147082 0.866061 -0.951117 0.773074 -0.794209 -0.5279 -0.488979 0.64498 0.695883 0.348842 -0.0803454 0.244167 0.697725 -0.741047 0.673903 -0.344509 0.721068 -0.649967 0.530701 0.92579 -0.229956 0.559813 0.738902 -0.0435036 0.457442 0.0759138 -0.264182 0.0957048 0.193928 0.39094 -0.342353 -0.628467 0.082162 -0.751528 -0.696565 0.562105 0.107209 0.034554 0.348893 -0.102228 0.200725 -0.0251226 -0.491398 0.341228 -0.014549 -0.996421 -0.401897 0.778148 0.305873 0.427458 0.873593 0.503377 0.546453 -0.472714 -0.844508 0.872799 0.345065 -0.135882 0.600941 -0.850162 -0.0751857 -0.731052 -0.750918 -0.380446 0.928642 0.258929 -0.777506 0.961001 -0.672247 0.937754 -0.118684 -0.391744 -0.0338904 0.543733 0.192221 -0.726221 0.929985 0.988392 0.749224 -0.760632 0.982305 0.741857 -0.925945 -0.0588593 0.0170098 -0.433951 -0.00680966 0.0396173 0.129463 -0.812879 0.966631 0.323581 0.100934 -0.571782 0.884179 -0.794597 0.046115 -0.994877 -0.409721 -0.573097 0.172867 -0.188993 0.861759 0.932273 0.488328 -0.543102 0.456331 -0.89138 0.168047 -0.358511 -0.167581 -0.274367 0.050061 0.754005 -0.572265 -0.410826 0.811757 -0.454796 0.892934 0.649777 0.703115 0.44231 0.677279 -0.166712 0.230126 0.224328 -0.364501 0.482884 0.18017 0.989237 0.966859 -0.965037 0.836418 -0.416944 -0.361756 -0.417402 0.416872 0.256493 -0.758945 -0.755818 0.88165 -0.036943 0.95059 -0.369166 0.0710145 0.798639 -0.979084 0.106697 0.572338 0.111761 0.116059 -0.47068 -0.681461 0.12037 -0.688448 -0.334542 0.415861 0.741809 -0.548631 0.773796 0.17774 -0.270555 -0.357396 0.874794 -0.686497 -0.153956 0.460925 -0.617434 0.342225 -0.696358 0.0451846 0.775958 -0.386201 -0.676141 0.456272 -0.488449 0.429458 -0.73799 -0.464694 0.359893 -0.841022 -0.731947 -0.223845 0.600715 0.100207 0.607252 -0.843123 -0.0171102 0.149211 0.945363 0.445424 -0.947231 0.319947 -0.834265 -0.161967 -0.192193 -0.308363 -0.0602113 0.711733 0.657172 -0.215844 0.155558 -0.618521 -0.952797 -0.921543 -0.900571 -0.97479 -0.0225672 0.0147278 0.66869 -0.190714 -0.459532 -0.12285 -0.954405 -0.827811 -0.262568 0.122985 0.518383 0.175435 0.569439 -0.883176 0.514334 -0.0556868 -0.202103 -0.365573 -0.95675 0.39454 -0.181018 -0.812958 0.180085 0.457168 -0.361349 -0.484724 0.20626 0.40188 -0.267495 -0.241508 0.0574996 0.138539 -0.715666 -0.653142 0.866259 0.566648 -0.0970758 0.87318 -0.114118 0.307371 -0.765868 -0.761272 0.0746499 -0.871408 0.141187 -0.454698 -0.302071 -0.129726 -0.156326 -0.817747 0.966805 -0.669765 0.113228 -0.337442 -0.642928 0.558635 0.496681 0.344546 -0.691105 0.064036 -0.719152 0.241798 -0.978769 -0.357296 -0.659894 0.125082 0.107594 -0.568676 0.692591 -0.777204 0.935713 -0.0964184 -0.322104 -0.0442365 -0.98867 0.230174 0.516232 0.642509 0.109194 -0.200149 -0.456479 -0.759018 0.358694 0.688358 0.366366 -0.526692 -0.820405 0.877198 0.185394 -0.965049 -0.110113 0.500948 0.982219 0.396232 -0.366109 0.817496 0.107342 0.0698809 0.690274 0.56885 -0.870384 0.112553 0.810141 -0.249406 -0.658636 -0.010341 0.824073 0.67144 -0.834039 -0.300941 -0.880993 0.187221 -0.994924 0.494548 0.183351 0.409812 0.671982 0.643102 0.723963 0.323742 -0.572725 -0.159698 -0.952935 -0.0170695 -0.25335 0.674347 -0.813755 -0.460043 -0.880778 0.492403 -0.932919 -0.920949 -0.141225 -0.526941 0.949548 -0.551302 0.422841 -0.921227 0.538342 -0.675021 -0.896982 0.388007 0.195556 -0.695887 0.791274 -0.114846 0.351064 0.375959 0.85828 0.027817 -0.801544 0.715868 0.543268 0.343184 -0.0402856 0.745 0.888714 0.00864769 0.411144 0.240453 -0.30932 0.562268 -0.237644 -0.990808 0.52726 0.628197 0.361711 0.468067 -0.423146 -0.112979 -0.722436 0.0166472 -0.581221 -0.885854 0.489985 -0.517362 0.782082 0.603055 -0.457581 0.709858 0.598051 0.285984 -0.942958 -0.817 -0.417133 -0.142019 -0.590523 -0.79086 -0.67486 -0.79173 -0.237945 -0.125205 0.600795 0.132967 -0.233953 -0.255632 -0.0242998 0.925034 0.496107 0.639311 -0.770409 -0.844225 0.705276 0.140898 -0.400042 -0.2144 -0.173313 -0.198175 -0.568646 -0.430559 -0.025485 -0.0644992 -0.460211 -0.272664 0.315795 -0.737092 -0.724239 -0.628929 -0.955636 -0.617263 0.291551 -0.709084 0.880374 0.201308 -0.684038 0.942403 -0.936544 0.233691 0.660975 -0.646928 0.870032 0.684488 -0.21104 0.629265 -0.817919 0.00694288 0.99412 -0.898871 0.624165 -0.808116 -0.143906 -0.188448 -0.436617 -0.872077 0.873397 -0.179468 0.934432 -0.147025 0.0364456 -0.564174 0.454008 0.66443 -0.06128 -0.986371 -0.972209 -0.52576 -0.540213 -0.195176 0.496913 -0.741881 0.23803 0.255696 -0.112943 0.330985 0.220613 -0.579316 -0.11374 -0.407422 0.0241721 -0.120182 0.353777 0.360031 0.812462 -0.0073831 0.248495 0.694337 0.0927705 -0.935231 0.453483 -0.745428 -0.915327 0.213638 0.399518 -0.154362 -0.46377 -0.561517 0.58506 -0.419293 -0.570143 0.876156 -0.772818 0.910952 0.302376 0.450358 0.157646 -0.302915 -0.811834 0.144203 -0.262819 0.880133 -0.176242 0.317113 -0.114516 0.951842 0.271004 -0.970513 -0.621423 0.666122 -0.492596 -0.587232 -0.30516 -0.0540498 0.999688 -0.946088 0.604552 0.228066 0.0569694 -0.532293 0.600353 -0.718196 0.316729 -0.210609 0.090771 0.547912 0.609847 0.639619 0.735126 -0.338336 0.475206 0.0228756 0.781974 -0.00510308 -0.850325 0.126857 -0.156695 0.889402 -0.0845583 0.603973 -0.551916 -0.122589 0.948059 -0.660813 0.227358 -0.855995 0.0464086 0.689154 -0.100953 0.247133 0.97679 -0.359652 0.741623 0.352167 -0.392279 -0.171862 -0.344133 -0.759604 0.102591 -0.724841 -0.0825357 0.754851 0.053295 0.926073 -0.951919 0.551491 -0.677645 0.726778 0.478189 -0.18478 -0.324684 0.0659483 0.186048 -0.398581 -0.809788 -0.647931 -0.480123 0.52055 0.866618 -0.338813 0.827115 -0.0880589 -0.311739 -0.573777 0.190026 0.507761 -0.117607 -0.260316 -0.423651 -0.412039 0.64334 0.623002 -0.557726 0.563919 -0.593502 -0.693877 -0.90602 0.834994 -0.890468 0.966256 0.813275 0.29318 -0.541156 -0.408788 0.0416732 0.099032 -0.887515 -0.334956 0.83481 0.656641 -0.371141 0.723519 -0.729818 -0.817078 0.163763 -0.35496 0.37766 -0.0879819 -0.405215 0.019286 0.584732 0.853359 -0.153974 -0.758174 0.809175 0.836643 0.518499 -0.0425748 0.577892 0.939687 0.766524 -0.199141 0.708513 0.819267 0.261743 0.921828 -0.991585 0.602498 -0.437573 -0.274885 -0.824449 -0.922506 -0.574428 -0.266812 -0.982201 -0.13041 -0.895849 -0.75657 0.0480165 0.292946 -0.133864 0.741392 0.421871 -0.558987 -0.0599469 -0.0803568 0.587694 -0.147351 -0.892957 0.0992508 0.448872 -0.331639 0.10575 0.270722 -0.472254 -0.515389 0.257776 0.118444 0.211911 -0.489932 0.310724 0.793909 -0.0927166 0.946293 0.186877 -0.905386 0.872073 0.766104 0.312216 0.842069 -0.469987 -0.0185078 0.421089 -0.401863 0.854995 0.679405 0.263248 0.916648 0.379653 -0.786282 0.815683 0.386878 0.790249 -0.662189 -0.41636 0.945899 0.921755 -0.871426 -0.638108 0.983575 -0.012749 -0.896014 0.250427 -0.551364 0.161004 -0.799908 -0.979327 -0.462727 0.422059 -0.428633 0.129139 0.442027 -0.0774199 0.80311 -0.54549 0.8083 0.86196 0.0498207 0.645973 -0.984221 -0.648446 -0.0725045 0.726272 -0.953201 0.466632 0.458587 0.268416 0.658778 -0.721085 0.198608 0.700696 0.288756 0.693503 0.72066 -0.819504 0.404151 -0.313115 -0.762723 -0.716978 -0.954324 -0.24892 0.211131 -0.746304 -0.0614397 -0.341561 -0.815055 -0.0386009 0.111154 -0.349094 0.257677 -0.844084 -0.0520937 -0.0172097 -0.704039 0.197232 0.631788 0.739922 0.4906 -0.184189 -0.16007 0.600894 -0.0355986 0.962131 0.798821 -0.357377 0.739805 -0.855984 -0.0894524 0.980116 -0.0787981 0.217549 0.315045 
#
20 sigmoid 35
-0.831311 0.61351 -0.77214 -1.00602 0.572585 0.256833 -0.551413 0.734715 0.486355 -0.133495 0.673326 -0.554399 0.52084 0.411909 0.355002 0.731251 0.359228 -0.554235 -0.726784 0.440228 
-0.885632 -0.387011 0.770491 0.944051 -0.481 -0.748729 -0.278263 -0.659964 0.426855 -0.706264 0.00548653 0.335549 0.578774 0.65247 0.905163 0.460645 -0.429292 0.613947 -0.977937 -0.811703 0.53691 -0.348193 -0.109706 -0.716993 0.208744 0.911036 -0.645796 -0.288353 0.978332 0.519206 0.00949912 -0.457555 0.673246 -0.702364 -0.178533 -0.678178 0.0609984 -0.346558 0.305212 0.920169 -0.400993 -0.436781 0.743456 0.163647 -0.834071 0.107608 -0.879485 0.208425 -0.519402 -0.548313 0.223043 -0.402914 0.210992 -0.284087 0.790496 -0.732251 0.159157 -0.0521512 0.0597467 -0.357045 -0.605174 0.958305 0.0359022 -0.337077 -0.893918 -0.408631 0.380145 -0.0101473 0.234215 0.907858 -0.266439 0.885224 -0.869529 -0.677331 -0.26963 0.743584 -0.292634 0.629839 0.0134443 0.578744 -0.000842664 0.0325527 0.656039 -0.663346 0.720659 0.0841659 -0.346309 0.192444 0.883422 0.178441 -0.914516 -0.449939 -0.963012 -0.962131 0.0285966 0.979014 -0.806303 -0.835339 -0.93488 0.797654 0.364852 -0.791504 -0.260787 0.914355 -0.717658 0.640659 -0.61153 -0.852951 0.516855 0.70317 0.69626 0.449844 0.621788 -0.970827 -0.596964 -0.584479 0.0454824 0.399189 -0.632376 0.592363 0.596469 0.525103 -0.707978 0.101177 0.508711 -0.485906 0.400094 0.946288 0.710859 -0.348773 0.298649 -0.496399 -0.70562 0.101052 -0.84948 0.106898 0.819651 -0.907521 -0.165056 -0.317063 0.819904 -0.738299 -0.175067 -0.534671 -0.855702 0.589506 -0.435897 0.223744 0.328179 -0.278618 0.568628 0.769142 -0.599554 0.721972 -0.409358 -0.336726 0.832279 0.224267 -0.824876 0.257294 -0.570609 0.880619 0.271659 0.0505587 -0.758199 -0.304673 0.884487 0.0586733 0.848536 0.725072 -0.543557 -0.639024 0.680609 -0.837408 -0.467918 -0.842139 -0.313928 -0.0936155 -0.929236 0.945696 0.533489 -0.830611 0.577798 -0.196051 0.353251 0.602046 -0.414186 -0.730689 0.839543 -0.17223 0.454964 0.922884 -0.187051 0.206009 0.384672 -0.304751 -0.265695 -0.878467 0.764876 0.125553 0.47276 -0.620354 -0.813595 0.2576 0.453693 0.291659 -0.164073 -0.910609 -0.530506 0.32476 -0.404819 0.244869 0.668878 -0.439928 0.59137 -0.359249 -0.466216 -0.377669 -0.919149 0.760587 -0.174627 -0.520352 0.386721 0.583181 0.240995 -0.392235 0.956776 0.513853 -0.256312 0.892846 -0.306473 -0.599165 0.312648 -0.713727 -0.481641 0.329527 0.496491 0.905286 -0.0822445 0.689495 0.31913 0.728251 0.192825 0.245546 -0.900103 0.692518 -0.960455 0.481561 0.928767 -0.594006 0.809176 -0.322708 0.762109 -0.375488 0.696007 -0.960104 0.973061 -0.579736 0.0655833 0.200138 -0.466012 -0.207235 0.456294 -0.0127817 -0.160124 -0.236162 -0.611399 0.925901 -0.71668 -0.304917 0.886761 0.0670508 0.11468 -0.0688682 -0.305663 0.443214 0.194267 -0.934478 -0.51848 0.0237852 -0.753615 0.668126 -0.498351 0.550504 -0.988336 0.557599 -0.912692 0.208072 0.270272 -0.67665 0.697773 -0.290129 -0.885435 -0.72431 0.653071 -0.663806 0.491342 -0.32587 -0.0618122 -0.816789 -0.130597 -0.122002 -0.981089 -0.039352 0.745837 0.727628 -1.00314 -0.134433 -0.611181 0.164054 -0.169933 0.671332 -0.0161679 0.849197 0.226924 0.268317 -0.966094 0.2542 -0.123273 -0.573417 -0.0846948 -0.11017 0.136583 0.821554 0.648204 -0.554032 0.219257 -0.5676 0.348546 0.908958 0.615344 -0.467657 -0.933813 0.962448 -0.699753 -0.924953 0.212745 -0.066791 -0.975589 -0.236054 0.651227 0.851346 0.557234 -0.62861 -0.341899 0.808616 -0.188781 -0.116526 0.0855177 0.0784198 -0.502389 -0.378675 -0.960434 0.845578 0.717691 0.700835 0.0754255 -0.736088 0.798095 -0.85241 0.772891 -0.810326 0.187571 0.230552 0.771094 0.1844 0.676882 -0.466177 -0.568877 0.452263 -0.223036 0.843563 0.593263 -0.730419 0.483935 0.834289 -0.366165 0.310909 0.102671 -0.60465 0.164345 0.485166 0.0747856 -0.314587 -0.00262375 0.585807 -0.966532 0.979366 -0.736 0.272742 0.409423 0.14336 0.309194 -0.897148 0.276428 -0.407185 0.409899 -0.639999 0.153753 -0.406903 -0.224305 -0.521325 0.625902 -0.507804 0.277412 0.793811 -0.18736 -0.371592 0.519011 0.93678 0.39572 0.228476 0.1871 -0.930293 -0.289427 0.0153913 -0.689634 0.0842567 0.801351 -0.283513 -0.266853 0.162833 -0.143686 -0.56966 -0.748339 -0.973577 0.450608 -0.313066 0.320248 -0.370498 0.626785 -0.727052 0.996711 -0.0704692 -0.753812 -0.7154 -0.834639 0.802843 0.42641 0.961917 0.1438 -0.369145 0.650652 0.917065 0.594467 -0.000435659 -0.657685 -0.890991 0.910402 0.699462 0.639695 -0.602654 0.434418 -0.245864 -0.559787 -0.200655 -0.104396 -0.368733 -0.952521 -0.551941 0.581016 0.466862 -0.20337 0.79637 0.985318 -0.0423216 -0.0565109 0.316911 -0.530353 0.270436 -0.89697 -0.582136 -0.836738 0.711455 -0.600734 0.0618731 -1.01685 -0.207518 -0.653842 -0.460713 0.540335 -0.649491 -0.831393 0.232734 0.270384 0.201689 0.143011 -0.977829 -0.817093 0.816136 0.609629 0.33978 0.811173 0.913544 0.754605 0.689753 0.475397 0.897114 0.279906 -0.295762 0.0437474 -0.818833 -0.52936 -0.967242 -0.121349 0.780815 -0.421264 -0.204932 0.0278004 0.901343 -0.238601 -0.0648754 -0.670062 0.798015 -0.558489 0.443073 -0.961247 0.489146 -0.16566 0.256735 -0.723241 0.564138 -0.437216 -0.473842 0.843682 -1.01287 -0.576453 -0.331112 0.093322 -0.856629 0.0678409 -0.644427 0.564612 -0.833948 0.11402 -0.205699 -0.659314 0.431916 0.18256 0.675896 -0.884143 0.765211 0.836667 -0.93069 0.166231 0.223877 0.189632 -0.680272 0.314848 -0.89379 -0.133687 -0.576959 0.914574 -0.554768 1.02948 -0.705239 0.788895 0.00682733 0.496006 0.359933 -0.931739 0.987028 0.529747 -0.426042 -0.949899 0.907856 -0.0389149 0.407848 0.517048 -0.916382 -0.0919881 0.790586 -0.467326 -0.0820388 -0.433262 0.184305 -0.0233727 0.283086 0.113217 -0.298599 0.081789 0.0824718 -0.808486 -0.0211122 -0.536844 -0.268683 0.340691 -0.619468 -0.480925 0.684805 0.57187 0.991585 -0.407997 -0.592707 -0.450922 0.679278 -0.606343 -0.617747 0.604681 0.202676 -0.872114 0.850077 0.835813 0.00615154 0.326959 0.567484 -0.921533 0.734419 -0.243378 0.876636 0.910338 -0.542307 0.653168 0.40607 0.577013 0.760884 -0.421167 0.971364 -0.5605 -0.219439 -0.286796 0.275033 0.117494 -0.421468 0.873229 -0.807498 0.0155968 -0.205798 0.664759 0.569211 0.878325 0.196225 0.484935 0.762165 0.195302 -0.398028 -0.580912 0.175829 0.915381 0.548565 -0.496826 -0.712258 0.49319 0.926183 -0.255821 -0.433344 -0.0352572 -0.866855 -0.503572 0.485311 0.582077 0.652468 0.175198 -0.145234 0.0333112 0.806527 0.025439 0.766473 -0.861026 -0.822044 0.310736 0.0406802 0.0987322 -0.60172 -0.304042 -0.746335 -0.513779 -0.839363 -0.526434 0.570855 0.952466 0.465893 0.351168 -1.00046 -0.330202 -0.590766 -0.781452 0.356766 0.469525 -0.92231 -0.947132 -0.0775048 -0.967991 -0.275431 0.340414 0.257209 -0.654006 -0.0450144 -0.884338 0.049553 -0.06371 0.428514 -0.871592 -0.253313 -0.657142 -0.6953 0.433466 0.664745 0.948729 0.431768 
#
10 tanh 20
-0.371071 0.868848 -0.192206 0.133132 0.463959 -0.538666 0.826709 -0.434179 0.763946 -0.573461 
-0.724863 -0.473015 0.35189 -0.428067 0.669235 -0.806188 0.124165 -0.769498 0.729906 0.896361 0.790172 -0.93672 -0.915981 0.170849 -0.822365 1.09006 0.518513 0.313281 -0.644214 0.991194 -0.327449 0.150285 0.705646 -0.631459 0.519641 -0.985771 -0.278986 -0.539174 -0.727051 0.865896 -0.976487 0.304279 -0.446135 0.155683 -0.958187 -0.65904 0.508548 0.660503 0.3597 0.910014 0.725495 0.927973 0.167001 -1.02067 0.0740106 0.330165 0.882737 0.214411 0.526695 -0.616669 -0.170347 0.0318569 0.381546 -0.728675 0.302777 0.430385 0.666645 -0.980709 -0.735554 0.402158 0.153781 -0.216633 -0.851014 -0.91839 -0.230734 0.70638 -0.841242 0.0902774 -0.987692 -0.835172 -0.821014 0.732622 0.276766 0.6601 -0.355094 -0.862328 0.381131 0.814555 0.0129704 -0.658171 -0.88915 0.914646 0.853944 -0.0628853 -0.798776 0.713439 -0.110296 0.522996 -0.215741 0.483026 0.0943869 0.283881 -0.468195 -0.812843 0.751685 -0.136536 0.403054 0.981266 -0.423081 0.392601 -0.296458 -0.326532 0.0178386 0.175966 -0.739397 -0.365208 -0.88832 1.06656 0.116113 -0.64519 0.914081 -0.400052 -0.694024 0.714486 0.344402 0.514668 1.12743 0.445281 -0.543276 -0.855981 0.0423728 -0.490354 -0.741519 0.433182 0.729931 0.59884 -0.507541 -0.982361 0.151187 -0.748274 0.89145 0.746886 0.994817 -0.0870237 -0.565782 -1.03155 0.275858 -0.072149 0.29107 -0.209844 -0.251017 0.500058 -0.817986 0.506682 -0.627501 -0.0516243 -0.382814 -0.478433 -0.840939 0.182836 0.853567 0.0685228 0.34874 -0.600597 0.343785 -0.635843 -1.02357 0.577915 -0.504426 -0.0948891 0.347854 0.579819 0.195663 -0.0117129 0.769076 -0.940837 -0.862355 -0.290351 -0.209699 -0.349773 -0.134755 -0.370506 -0.547677 0.965348 -0.567941 0.686723 -0.941482 -0.71803 -1.00509 -0.302731 0.233122 0.967264 -0.870601 -0.28077 0.545402 0.173695 0.790039 0.0152494 -0.171322 0.783872 0.296751 -0.6787 -0.559806 -0.976382 -0.706297 -0.794712 0.0191731 0.919074 0.0438659 -0.56754 
#
1 sigmoid 10
0.0666642 
-1.55883 0.328484 -1.00231 -0.659568 -0.166236 -1.06195 0.940002 -0.470047 0.104805 1.43776 
