6 0.1 2000 mse
#
2 input 0
0.384654 0.719981 

#
35 relu 2
-0.380386 0.864742 0.120526 0.900065 -0.610975 0.991037 0.331656 0.773974 -0.0280642 0.354633 -0.796712 0.230271 0.661326 -0.859601 0.640139 0.81104 -0.820201 0.111747 -0.322169 -0.787958 -0.325705 -0.477252 -0.823265 -0.961688 0.236731 0.38221 0.468296 0.410889 -0.12546 0.908977 -0.808043 0.960096 0.316373 0.786257 0.684889 
-0.56872 1.05912 0.627158 0.86251 -0.669678 0.270762 -0.851673 -0.370277 0.837441 0.610983 -0.612457 -0.77875 0.848295 0.00705208 -0.696104 0.131635 -0.347248 0.255356 0.258078 -0.61273 -0.194153 -0.861237 0.152117 -0.382409 -0.661326 0.411224 0.857627 -0.625672 -0.26222 -0.584087 -0.456226 0.679471 0.223084 0.946648 -0.723153 0.611404 0.328842 -0.404557 0.432183 -0.508366 -0.284279 -0.674388 -0.233012 -0.178259 0.766173 0.823267 -0.717968 0.531939 -0.872253 -0.0551921 -0.472141 -0.188577 0.455059 0.670774 0.075023 0.630696 0.262561 -0.439965 -0.630665 0.606063 -0.35495 -0.531783 0.850404 -0.373234 0.335689 0.211595 -0.786252 0.491597 0.0358401 0.779234 
#
35 linear 35
0.186887 0.687842 0.0431324 0.464905 -0.527094 0.209878 0.957689 -0.746168 -0.882093 0.916028 0.658216 -0.0311002 -0.191475 -0.0959787 -0.641758 -0.528349 0.323748 0.800207 0.720381 0.652123 0.400136 -0.14584 -0.977203 -0.306687 0.979649 0.831995 -0.876098 -0.665912 -0.402246 -0.0506716 -0.164736 0.729639 0.701269 0.657923 0.947214 
0.525386 0.648738 -0.202559 0.965508 0.15376 0.66102 -0.593742 0.11904 0.1986 0.515151 -0.121292 0.437326 0.37175 0.0502119 0.694987 0.446041 -0.0702996 0.689929 0.923089 -0.149963 0.556215 -0.235403 -0.732479 0.0475145 0.582491 0.105906 0.874702 -0.22076 -0.730601 -0.775126 -0.565963 -0.513956 -0.594993 0.4476 0.835391 -0.953574 -0.159039 -0.638193 0.160409 0.0263895 -0.782123 0.353136 -0.264407 0.0793843 -0.851937 -0.0253192 -0.193506 0.49683 0.660341 0.888554 -0.175785 0.462175 -1.02215 -0.988923 -0.0213317 -0.729963 0.87934 -0.354571 -0.0110337 0.219687 -0.145683 0.554805 -0.428787 -0.751441 -0.198622 0.768263 0.233453 -0.0516872 -0.582133 0.851 0.549608 0.637138 -0.265067 0.0969585 0.00430741 -0.0443822 -0.886778 0.0123528 -0.323861 0.101801 0.159404 0.781397 -0.756175 -0.989987 -0.0417734 0.61759 -0.115495 -0.66388 -0.531373 -0.297283 0.713351 -0.386806 -0.841116 0.793931 -0.648729 -0.282377 0.822684 -0.422739 -0.398837 0.0266417 -0.339493 0.256909 -0.115448 -0.513191 0.532467 0.89515 -0.240053 0.371462 -0.290046 0.0295515 0.141923 0.276056 -0.0763752 0.70616 -0.595276 0.280418 0.839994 0.14132 -0.273451 0.651641 0.638309 0.894245 -0.113392 -0.22568 -0.756452 0.566527 0.802526 0.817145 0.256149 -0.280539 -0.400069 -0.135651 0.431392 0.156055 -0.185332 0.434828 0.336336 -0.527096 0.0101595 -0.0309228 0.459864 0.3273 0.704309 0.285012 -0.0881584 -0.349788 0.191916 0.751427 -0.224589 -0.751003 0.335403 0.90946 -0.255469 0.356104 -0.539229 0.26072 -0.494992 -0.729086 -0.142125 0.667986 -0.672112 0.33476 -0.351031 0.379391 0.871328 0.789715 0.577187 -0.334274 0.100728 -0.818356 -0.0964085 -0.450578 0.227961 -0.0189678 0.300068 -0.189191 -0.372569 -0.259916 0.459121 -0.714685 -0.224153 0.327497 -0.869399 -0.243673 -0.387596 0.708046 -0.455842 0.307112 -0.662792 0.583615 0.00546784 0.0812169 0.836865 -0.992618 -0.709773 -0.723679 0.0489729 0.373569 0.781819 0.791808 -0.653495 -0.707789 -0.130572 -0.826463 0.146378 0.940391 0.394199 0.682262 0.697637 -0.139595 -0.112282 -0.608324 -0.583904 0.292306 0.492046 -0.415721 0.63541 0.00239659 -0.900628 -0.228357 -0.63274 0.0246714 -0.418675 -0.677751 0.150194 0.0787973 -0.552541 -0.488087 -0.80017 0.678799 0.281143 0.15931 -0.520041 0.217761 -0.0160534 0.727863 0.401959 -0.16072 -0.271685 -0.463535 0.639568 0.710843 -0.0210585 0.189778 -0.360724 0.982473 0.962915 -0.936562 -0.0110242 -0.832211 -0.373064 0.537961 0.23786 0.777463 -0.575199 -0.659703 0.58672 -0.0494112 0.15789 0.62529 0.745503 0.606454 -0.253531 -0.158443 0.750585 -0.184762 -0.464167 -0.356552 0.68629 -0.0713342 0.644507 0.81571 -0.957949 0.920208 0.731383 0.532307 -0.184165 -0.112183 -0.490552 -0.287805 -0.600395 0.580498 -0.645865 -1.00468 -0.816057 -0.781029 -0.30526 0.862447 0.234596 -0.52374 -0.964007 -0.634704 -0.846267 -0.0659504 -0.367087 0.0633109 0.55196 0.629626 -0.596923 -0.401421 -0.535976 0.474756 -0.0909365 -0.306325 -0.182902 0.596348 -0.0918318 -0.351595 -0.288864 -0.444771 -0.0372775 -0.481621 -0.568574 -0.162031 0.105702 -0.835616 0.414628 0.838354 0.982796 -0.0669223 -0.347339 0.67377 0.937228 -0.526949 0.929788 0.0628945 0.606296 0.0321056 -0.37311 1.00339 -0.499541 0.167664 0.397376 0.0760954 0.872299 0.654685 -0.439406 0.133356 0.548377 -0.388646 0.939447 -0.0452001 0.716803 -0.663204 0.0232959 0.251616 0.968442 0.729464 -0.77545 -0.580706 0.578609 -0.0786748 0.34746 -0.642566 0.144663 0.255924 -0.818538 -1.03409 0.24353 -0.164177 0.0324623 -0.261009 -0.862753 -0.309997 -0.628801 0.826639 -0.15356 -0.594847 -0.369794 0.940837 0.566693 0.987503 0.163422 -0.493243 0.130856 -0.745641 -0.210157 -0.23619 -0.313657 0.232622 0.130337 0.252197 -0.552693 0.160708 -0.550705 0.274017 0.313243 -0.875073 0.515152 -0.232934 -0.54738 0.678563 0.232093 -0.605056 -0.914836 0.590094 0.531549 -0.643068 -0.38769 0.985197 -0.842997 -0.582541 0.368591 -0.258223 0.0692504 0.630111 0.399955 -0.692919 -0.170141 -0.125163 0.678877 0.0704625 -0.361368 -0.110405 0.354533 0.360023 0.25568 -0.401195 0.707617 -0.163828 0.285992 -0.0846562 0.719767 0.840425 -0.498069 0.871691 -0.632239 -0.669244 -0.297588 0.15235 -0.483069 -0.414572 0.145184 -0.351678 -0.187747 0.0751254 -0.376289 0.383595 0.140656 -0.488822 -0.796801 0.896495 0.220715 0.049305 0.445575 0.742974 0.233831 -0.968329 -0.498568 -0.71377 0.106892 -0.0218957 0.145631 -0.0607018 0.458024 0.303338 -0.41069 0.32148 0.502104 0.313368 -0.992909 -0.0744917 0.850146 0.352446 -0.136966 -0.253709 0.519514 0.16528 0.931286 0.0657181 0.67377 0.977553 -0.549296 0.977079 0.445986 0.304165 -0.219035 -0.0611378 0.740025 -0.27918 0.868143 -0.886684 0.684021 0.975961 0.596248 0.206526 -0.759895 0.891461 -0.0376585 -0.963344 -0.195573 0.607059 0.811739 0.0379062 0.738649 0.537731 -0.0248914 0.423573 -0.512857 -0.226563 -0.197514 0.119161 -0.0215434 -0.0160497 -0.911426 -0.870059 0.0613497 0.118987 -0.0790358 -0.891374 -0.627422 0.0480025 0.66747 0.796845 0.217054 -0.0421245 0.668225 -0.122683 -0.267629 -0.467284 0.613994 0.570174 -0.389417 0.626629 0.0741705 0.553543 0.207165 -0.145727 -0.535012 -0.955161 -0.732483 0.687708 0.820014 0.0570356 0.165332 0.664264 -0.00588127 0.825984 0.129057 -1.05281 -0.488037 -0.582453 0.906259 0.823045 0.499136 0.226516 0.0696538 -0.917833 0.370914 0.411107 0.673083 -0.485251 -0.541571 0.254342 0.767654 0.326791 0.198925 0.102527 -0.100489 -0.204134 -0.624246 -0.435765 -0.698843 0.376432 0.170097 1.01364 -0.803729 0.414815 -0.133907 0.0238135 -0.978413 0.358322 -0.485569 -0.38161 -0.735559 0.546371 -0.267632 0.227322 0.469488 -0.423158 0.634913 0.050822 -0.972965 -0.583893 -0.709478 -0.640857 -0.767929 0.771398 0.49286 0.346453 -0.519776 0.419481 0.397428 -0.0933123 0.215423 0.828518 0.166781 -0.82512 -0.614041 0.207405 -0.554753 0.470909 0.159345 -0.28655 0.143089 -0.601631 0.0785859 0.569007 -0.548214 -0.425934 0.446662 0.46482 -0.476787 -0.141183 -0.376515 -0.546415 -0.212567 0.241949 -0.0732144 0.00290691 0.143079 -0.949512 0.887396 -0.888625 0.740689 -0.126595 0.242068 0.184313 0.0369729 0.923756 0.200612 0.414225 -0.852665 0.123613 -0.860852 -0.553525 -0.399519 0.790232 0.20327 -0.202141 0.671312 0.247945 0.273013 -0.9466 0.56612 0.837668 0.239641 0.402537 -0.492747 0.431965 0.642145 0.758361 -0.378721 -0.394878 -0.908714 -0.656731 -0.904218 0.962406 -0.330592 0.380149 0.197282 0.186735 0.0938204 -0.295483 -0.0503899 0.0789451 -0.155675 0.92067 -0.183818 0.736767 -0.818898 -0.540938 -0.060339 0.295473 -0.168758 -0.404353 0.577192 -0.390242 0.317092 0.395254 -0.361061 0.25635 -0.270568 0.890473 -0.265233 0.160673 -0.335977 0.338437 0.242637 0.530223 0.934328 -1.00203 -0.96212 -0.272421 0.495586 -0.575184 0.269455 -0.242217 -0.769639 0.125317 0.600441 1.00672 0.34267 0.13469 0.389314 0.816209 -0.915961 0.838807 0.512617 -0.454911 0.515313 0.510896 0.812166 0.769149 -0.580842 -0.161767 0.264441 -0.197489 -0.802846 0.853368 -0.0199387 0.737086 0.649017 -0.665927 0.124908 0.623937 0.115128 0.910181 -0.197867 0.688091 -0.747572 -0.771308 -0.289186 -0.330789 0.480714 0.260256 0.260613 -0.41039 0.378906 0.750474 0.196173 -0.360325 0.199918 -0.128104 -0.390423 0.689144 0.892606 0.349202 0.984149 -0.371317 0.721268 -0.0215018 0.0152197 0.0560158 0.495154 0.798006 -0.835363 -0.94492 -0.210062 0.688914 -0.654332 0.684479 0.0706739 -0.54868 0.892849 -0.289466 -0.37245 0.660742 0.0418512 -0.050148 -0.430869 -0.218259 0.283731 -0.119295 -0.83628 -0.0149915 -0.688164 0.952488 0.266331 0.604364 0.580327 -0.859829 -0.89169 0.111277 0.827564 -0.995102 0.511045 0.948655 0.257943 -0.963662 -0.105623 0.272606 -0.524433 0.785953 0.944418 -0.817159 -0.5641 -0.666333 0.572331 -0.275711 -0.550198 0.0159429 -0.4516 -1.01453 0.302863 -0.237453 0.986536 0.47 -1.01904 -0.68125 0.484912 0.726456 0.556697 -0.562716 -0.515857 0.632141 0.48663 -0.000483871 0.131572 -0.693185 -0.322698 0.153655 -0.780419 0.845069 -0.827837 0.0316422 -0.203223 0.21327 -0.132625 0.682581 0.684487 0.812638 -0.200423 0.702231 0.973194 0.668183 0.907696 -0.389212 -0.548428 -0.782317 0.1002 0.562711 0.00689707 0.265659 -0.0293325 -0.874415 -0.141987 -0.0441014 -0.132107 0.338992 -0.722304 0.846231 -0.988411 -0.973078 -0.398355 -0.247741 -0.276171 0.800311 -0.90975 -0.479808 0.581378 -0.0986694 -0.516228 -0.79567 -0.734467 -0.550814 -0.945879 0.908813 -0.927002 0.454077 -0.715881 0.648829 -0.842946 0.476915 0.986851 0.547144 0.262345 -0.595943 -0.837094 0.672392 -0.455304 0.960295 -0.169535 -0.58494 -0.518517 0.691339 0.00910147 0.235488 0.104544 0.0157678 0.046219 -0.93712 -0.266064 -0.240259 -0.0995778 -0.377776 -0.905385 -0.975967 0.912874 0.322022 -0.38097 0.85224 -0.455176 0.468251 -0.86355 -0.852572 0.910593 0.496661 0.293678 -0.0745815 -0.553813 0.787948 0.60882 0.412562 -0.551645 -0.0379836 0.779736 0.622041 0.672053 -0.967056 0.690828 0.964536 -0.0973536 0.775126 -0.501142 -0.571196 -0.397222 -0.338189 0.905362 0.474911 0.857716 0.203317 0.117107 -0.48711 0.898786 -0.551662 0.517966 0.388978 0.858225 -0.151771 0.888206 -0.621025 -0.0860073 0.832746 -0.12499 0.230943 -0.472002 -0.0218087 -0.0171589 0.00236703 -0.0915257 0.742262 0.573709 0.959969 0.811266 -0.385253 -0.833879 0.99412 -0.0534315 0.0290878 -0.000114628 -0.753818 -0.468493 -0.267209 0.905857 -0.781355 0.728817 -0.0590135 -0.830439 -0.201797 0.911158 0.41379 0.683584 0.308581 -0.660533 0.732766 0.164754 -0.346381 -0.628897 -0.94058 0.542898 0.87487 0.622945 0.0346238 0.162516 0.406404 -0.442988 0.0765164 -0.0405473 0.653285 0.702525 0.186959 0.0946687 0.615442 -0.263864 -0.201724 0.753744 -0.79874 -0.421852 -0.752249 -0.601117 0.396938 -0.90011 -0.738596 0.994297 0.610682 0.0601637 -0.241043 -0.343024 0.173245 -0.137954 0.808626 -0.80034 -0.333789 0.112002 -0.628472 -0.666241 0.860646 0.630023 -0.776205 -0.831279 -0.952013 -0.240435 0.0476815 -0.408293 -0.410247 0.829876 0.830542 0.245339 0.822875 -0.58948 0.316453 -0.351391 0.389226 -0.991924 -0.57885 -0.389431 -0.830567 0.117774 0.560622 -0.836595 0.413812 0.851444 0.524772 0.266017 -0.538975 -0.263506 0.338792 -0.780399 -0.851775 -0.162221 0.21246 -0.0555459 -0.232387 0.850603 -0.384732 -0.0323285 -0.84789 -0.734472 0.0235348 -0.672729 0.588491 0.145588 0.808026 -0.0760942 0.635011 -0.681297 0.0794369 0.918237 -0.133805 -0.563847 -0.864244 0.359992 0.946122 0.963518 -0.943881 0.988627 0.395226 -0.519907 -0.243603 0.971464 0.869199 0.541589 0.613763 -0.887541 0.86843 0.203506 -0.671573 -0.464185 -0.681384 -0.722622 -0.117288 0.0850172 0.422266 -0.462477 0.752752 0.992918 -0.455401 -0.130293 0.879235 -0.0903058 0.11461 0.602271 0.896949 -0.0530861 -0.594343 -0.0737126 -0.946074 0.373186 -0.715405 -0.646149 0.158835 -0.310683 -0.292477 -1.01077 -0.0153752 0.348785 0.51275 -0.869793 0.276057 0.174368 -0.225628 -0.990009 -0.967997 0.935395 -0.541861 0.571801 -0.65488 -0.696099 -0.899194 0.466464 -0.0938959 -0.0863856 0.754311 0.863216 0.420024 -0.930849 -0.580525 -0.150567 0.0293813 0.483391 -0.137023 0.40355 -0.830241 -0.834483 0.12017 -0.298137 0.278417 0.62869 -0.0615549 -0.369686 0.630874 0.520774 -0.841316 -0.328892 -0.223437 -0.220842 1.0012 -0.473243 -0.145002 -0.731466 -0.465859 0.807982 0.614914 -0.129562 0.739303 0.466597 -0.0202673 0.985352 0.671104 -0.14839 0.300803 -0.255713 0.799383 -0.315467 -0.952191 -0.833746 0.649799 0.102717 0.524461 0.00785803 0.516856 0.341329 -0.65806 -0.544384 -0.588609 0.166192 0.557628 0.0292689 0.500402 -0.631345 0.0227382 -0.289616 0.432717 0.978388 -0.294223 -0.683092 0.899868 0.100311 -0.190788 0.718382 -0.754336 0.747471 -0.1229 -0.0146555 -0.560241 -0.326606 -0.0693457 0.875787 -0.622505 0.135157 -0.105678 -0.133463 -0.575167 0.524082 -0.148171 -0.191589 -0.0429453 -0.55709 -0.82451 0.820562 0.281976 -0.0800283 0.628094 -0.821834 
#
20 sigmoid 35
-0.172315 0.313933 -0.395219 0.290982 -0.5571 0.432452 0.470414 -0.23614 0.219458 0.646911 -0.486639 0.544892 -0.901967 0.0773883 0.796128 0.454438 0.867775 -0.257016 0.674596 0.792242 
-0.944101 0.389068 -0.902525 -0.807248 0.841865 -0.557625 0.642501 0.591297 0.429445 0.396601 0.041744 0.884538 0.949156 0.296999 -0.422702 -0.395003 -0.669246 -0.482714 -0.264395 -0.760029 0.724007 -0.0610253 0.383822 -0.389085 0.477079 -0.0876559 -0.048132 -0.0131243 0.444715 -0.199416 0.503043 0.766002 0.134304 0.117005 -0.45753 -0.662683 -0.342617 0.15594 -0.123975 -0.596072 0.495236 -0.763625 0.156442 0.382231 0.0737907 -0.58265 -0.0855989 0.307099 -0.711482 -0.188197 -1.02755 0.176435 0.405712 -0.497392 0.0637631 -0.923798 0.900198 -0.766965 0.693719 -0.96806 -0.547671 -0.372502 0.0356709 -0.247793 -0.817539 -0.258989 -0.619331 -0.850294 -0.19802 0.167894 0.880914 0.0152756 0.790677 0.633063 0.208121 -0.57468 0.00675468 -0.435335 -0.551388 0.599429 0.622919 -0.301035 -0.672204 0.840417 -0.473106 0.66967 0.912208 -0.751022 -0.0907458 -0.548821 -0.120891 -0.555327 0.787801 0.110221 -0.557656 -0.753319 -0.544156 -0.909375 0.119342 0.876643 0.749726 -0.674591 -0.21692 0.831616 0.427086 -0.264443 0.647543 0.530486 0.868659 0.282773 0.712177 0.144458 -0.914848 -0.0269722 -0.480132 0.249269 -0.944651 0.191234 -0.74876 -0.31521 -0.32496 -0.933163 0.441702 -0.807571 -0.107507 0.146357 -0.437747 0.340829 -0.966367 -0.87669 0.533847 0.170995 -0.0718896 -0.533353 0.677736 0.229282 0.194141 0.0371467 -0.705975 -0.522754 -0.525801 0.908445 0.39605 0.916711 -0.682242 0.581203 0.192023 -0.394906 0.874166 0.583706 0.106698 0.583727 -0.311125 -0.762961 0.757742 -0.872931 0.56925 -0.665547 0.40296 0.718327 -0.172473 -0.496407 -0.447341 -0.832999 0.338866 0.0462272 -0.477956 -0.71359 -0.199658 0.759526 -0.760444 0.688093 -0.50411 -0.135859 -0.0193805 -0.864358 -0.459443 0.201945 -0.518356 -0.253628 -0.754115 0.738405 -0.894311 0.515819 0.36864 -0.53727 0.76277 0.909334 -0.737514 0.631947 -0.733149 0.240774 -0.874252 0.147909 0.0963357 -0.496391 0.688804 -0.40253 -0.344708 0.202544 -0.994547 -0.51039 0.584146 0.186825 0.232881 0.0495646 0.478426 0.00799015 -0.214303 0.585888 0.597753 0.616296 -0.104972 0.852934 -0.996813 0.249225 -0.112817 -0.643576 -0.934025 0.786311 -0.67435 0.24502 -0.2436 -1.02371 -0.521379 -0.27887 0.332127 -0.461953 0.300756 -0.796894 0.473505 0.302955 0.92339 -0.160631 0.176758 -0.427989 0.384438 0.363694 -0.395418 0.728562 -0.67414 -0.00524253 -0.325831 0.12872 0.369171 0.313058 -0.334452 -0.236408 0.270111 0.726212 0.0880971 0.241903 -0.0560536 -0.790911 0.446142 0.913104 -0.451683 0.899428 -0.576098 -0.349689 -0.449728 0.693679 -0.337677 0.51866 -0.222151 -0.407065 -0.83382 0.676629 -0.917748 0.366262 -0.42203 0.25024 -0.372748 0.529751 0.0460433 0.860709 -0.716616 -0.662521 -0.535446 -0.649971 -0.00926421 -0.737848 0.699213 0.747648 -0.797322 0.506415 -0.695696 -0.719805 -0.512499 0.42088 0.263522 -0.0250425 -0.42606 -0.0695473 -0.519752 0.625172 0.655353 0.136506 -0.711586 -0.456661 0.8531 0.832424 0.81052 0.391445 -0.924307 0.695128 0.345413 -0.977007 -0.326123 0.103859 0.220506 -0.753659 -0.252283 0.972013 -0.217154 -0.1097 0.2722 0.760182 0.724191 -0.517776 0.942399 0.0473979 0.152703 0.8608 -0.982387 0.801569 -0.270747 0.547751 0.804552 0.596848 -0.201494 -0.983686 -0.226237 -0.304175 0.528759 0.723343 0.65716 -0.329294 0.000374601 -0.652894 0.781633 -0.343648 -0.697854 -0.806347 -0.00764548 0.408326 0.689557 0.592264 -0.7984 -0.114928 0.857559 -0.43724 -0.407695 0.540409 -0.565603 0.690986 -0.813925 -0.376997 -0.999455 0.355014 -0.941712 -0.257874 -0.866067 0.932472 -0.850371 -0.107464 -0.230451 -0.743291 -0.0680205 0.563771 -0.368676 -0.200919 -0.713662 -0.825033 -0.608358 -0.56417 -0.248699 0.861178 0.197177 -0.61798 -0.272218 0.593004 0.31226 -0.948084 -0.431702 -0.83045 -0.392918 -0.120388 -0.86753 0.485226 0.110666 0.963634 -0.0362842 -0.91092 -0.546604 -0.96401 0.822827 0.8623 0.110134 0.667559 -0.858238 -0.037393 0.255504 0.84907 -0.588903 -0.272302 0.754192 -0.729555 0.0176646 -0.988548 -0.354423 0.598111 -0.946195 0.71062 -0.256746 0.699491 -0.189261 0.728136 0.352676 0.829055 0.637821 0.609034 -0.221141 -0.385513 -0.939206 -0.0572078 0.0356358 -0.809178 -0.235747 -0.815474 -0.573536 -0.495054 -0.882013 -0.331535 -0.46619 -0.169458 0.0615462 0.384516 0.112223 -0.917133 0.907279 0.948913 0.526475 -0.431821 0.603256 0.558429 -0.586746 0.495461 0.113726 0.828203 -0.208841 -0.856627 0.926223 -0.765672 -0.094961 0.473076 -1.04131 0.157236 0.54944 0.0043433 0.424014 0.274517 0.000354984 0.565461 -0.133325 0.49535 -0.725746 -0.408201 0.431352 -0.643623 0.431397 0.00114889 -0.502173 0.105257 0.160846 -0.318359 -0.149877 0.0624098 0.281748 0.936848 0.700583 -0.613204 0.0994739 0.207316 -0.851736 0.233569 0.811122 -0.724156 -0.913791 -0.48119 -0.534852 -0.441563 -0.212856 0.368623 0.945751 -0.774131 0.655724 0.251459 0.632325 0.617202 0.342887 0.0841591 -0.220945 0.452444 -0.896677 0.691461 0.287867 -0.7702 0.20917 0.00275596 -0.728561 -0.00813688 0.316977 -0.613599 0.386827 -0.566749 0.869556 -0.459805 0.703688 -0.186267 -0.541563 -0.787899 -0.306575 -0.0167323 -0.754787 -0.486028 -0.291029 0.43963 0.322582 -0.6853 0.635532 -0.561097 -0.647331 0.715333 -0.383192 -0.579187 0.0883868 0.261885 0.108122 0.378558 0.491671 -0.916557 0.574878 0.770051 -0.153248 0.868803 -0.613144 0.285279 0.668255 -0.896086 -0.146568 0.556698 -0.52895 -0.651008 0.895065 -0.499003 -0.0832745 -0.69311 0.796596 -0.0710879 0.0542474 -0.231942 0.570497 0.745803 0.490696 0.604302 0.258128 -0.388432 -0.66355 0.0239141 0.12975 -0.505033 0.73237 -0.200582 0.386893 -0.600876 -0.979698 -0.853243 -0.647083 0.205823 -0.0503371 0.751389 -0.335886 0.698083 0.384712 -0.310094 0.643871 0.80872 0.108617 0.441276 0.0701437 0.527148 -0.710654 0.956894 -0.887899 -0.402689 -0.0574851 -0.663661 -0.417894 0.732502 -0.943881 -0.117482 0.360696 -0.234793 0.76722 -0.259666 0.984076 0.587342 0.581259 -0.857777 0.566282 -0.717566 -0.236115 -0.838085 0.534741 -0.453023 0.574397 0.693938 -0.916146 0.0447858 0.275132 0.351998 0.349737 0.249689 -0.439413 -0.0804079 -0.116723 -0.648871 -0.831444 -0.101304 0.676115 0.170916 -0.0818632 0.451583 -0.826891 0.0503983 -0.318484 -0.424905 -1.01228 -0.768063 -0.924996 0.529775 0.713063 0.657314 -0.206381 -0.886979 -0.570363 0.871384 -0.976722 -0.949357 0.85009 0.226414 -0.374655 -0.55369 -0.435887 0.568292 -0.579635 0.253049 -0.38853 0.291606 0.654108 0.585935 0.690647 0.314306 -0.864614 -0.744519 0.490973 0.269452 -0.300058 -0.453579 -0.213318 0.45376 0.655357 0.729661 -0.28263 0.467561 -0.461241 0.449478 0.113778 -0.635391 0.895024 0.331193 0.918386 0.142385 0.382941 -0.327214 0.977256 -0.861939 0.963043 -0.205509 -0.345359 0.630366 0.847883 -0.738444 0.0233385 -0.282637 0.318964 0.731453 0.163811 0.0879004 
#
10 tanh 20
-0.326296 -0.35244 0.870863 -0.917487 -0.810352 0.24149 -0.0363376 0.583242 0.818526 -0.802055 
0.252467 0.0462897 -0.86069 -0.299511 0.5336 0.887474 -0.000945933 -0.411944 -0.568398 1.10452 0.46135 -0.439311 -0.344317 0.0273108 -0.27723 -0.77935 -0.163485 0.458107 -0.253835 0.90837 -0.88547 0.490332 -0.891353 0.072622 -0.0174787 -0.505875 -0.796036 0.205494 -0.79553 0.0796749 1.02007 0.564391 0.640426 -0.459934 -0.639904 -0.576345 0.559909 0.0526804 0.760876 -0.499493 0.460225 0.295221 0.553601 -0.415131 0.690607 -0.255951 -0.767612 0.600818 0.811713 0.334863 0.938131 0.383347 -0.0239246 -0.944934 0.194776 0.339567 0.498672 -0.98934 0.557278 0.728621 -0.0810679 -0.0156874 0.164986 0.692455 -0.670975 0.834749 0.771555 0.863 0.927964 0.51621 -0.211967 -0.904893 0.83601 -0.725715 0.527429 -0.329552 -0.397634 0.304252 -0.49524 0.791997 0.78941 0.0953029 -0.382359 0.819608 0.933467 0.00773079 0.856775 0.419523 -0.117835 -0.907295 -0.201226 -0.668575 0.822654 1.1544 -0.0741772 0.431536 -0.121722 -0.126057 -0.654885 0.8777 -0.188658 -0.181896 -0.724386 -0.489647 0.498934 -0.675709 0.822176 -0.265614 0.0210736 0.164264 -1.06063 -0.157753 0.290699 0.0318953 0.326975 0.00574327 0.809895 0.675457 -1.01595 0.432686 -0.44001 -1.07719 0.209836 0.193711 -0.424747 0.533994 0.137573 0.256637 0.529273 -0.865902 0.268073 -0.795425 -0.316172 0.934783 -0.2848 0.404662 0.955244 0.251474 -0.690393 0.395931 0.585555 -0.214199 0.165099 -0.0261359 -0.173291 0.987418 0.118568 -0.0396609 -0.520966 -0.301668 -0.115623 0.23633 0.0397425 -0.850332 -0.947723 0.410579 -0.819635 0.115302 -0.797678 -0.521267 0.30394 -0.158524 -0.97067 -0.895644 0.969111 -0.526209 0.313898 -0.862297 -0.628454 -0.380228 0.161288 -1.02945 -0.129072 0.947432 -0.0453997 1.04901 0.586592 -0.445819 0.389256 -0.514298 -0.181721 0.610287 -0.363693 -0.532894 0.820535 -0.0196532 -0.265082 0.019909 0.444539 -0.234645 -0.600899 -0.898239 0.570528 0.305599 -0.64061 -0.791236 0.18952 0.744615 0.0604032 -0.744835 
#
1 sigmoid 10
-0.865057 
-0.610877 -0.944338 -0.823751 -0.402861 1.0579 1.28136 1.3207 0.14617 1.38575 -0.859665 
