5 0.2 1000 mse
#
3 input 0
0.496205 -0.0726668 -0.109298 

#
50 relu 3
0.355139 0.503883 0.150781 0.632294 0.519679 -5.06583e-06 -0.0342787 0.362134 0.845652 0.734494 0.881156 0.203589 -0.556637 -0.0066772 0.450619 0.871333 0.756391 -0.258979 0.758913 0.113475 -0.122357 0.209113 -0.699239 -2.27514e-06 -0.799017 0.950259 0.0802815 0.0472287 0.660779 -0.39951 -0.251563 -0.568354 0.866059 -0.290326 -0.238987 0.553289 0.833169 -0.817138 0.26301 -0.845706 -0.239571 -0.58399 -4.08997e-05 0.089782 -0.26398 0.870097 -0.0753204 0.434574 0.240327 -0.63882 
0.0801133 0.386898 -0.299203 0.271808 -0.280888 0.810311 -0.664828 0.981797 0.0373336 0.63207 -0.0951855 -0.514948 0.610277 0.290317 -0.0983236 0.46434 -0.454033 -0.840198 -0.266755 0.643692 -0.0969928 -0.685718 -0.63018 -0.242471 -0.621782 0.106717 0.613057 -0.163885 -0.0221391 0.133775 1.13965 0.528784 -0.514772 0.847172 -0.683589 -0.70319 -0.582481 -0.865944 0.512027 -0.265157 -0.864583 -0.0540274 0.979553 -0.741164 -0.848298 -0.871324 -0.692769 -0.634261 0.114788 -0.351043 0.0778447 0.505236 0.804038 -0.778735 0.45093 0.378386 -0.17247 -0.744013 -0.0395622 0.238269 0.831164 -0.125267 -0.307807 0.061339 0.640902 -0.209105 1.08981 0.762454 -0.295149 0.113269 -0.505404 0.904515 -0.172885 -0.594642 -0.586836 -0.836957 -0.764046 -0.180256 1.26426 -0.849883 -0.785378 -0.731139 0.123349 0.39524 -0.504079 0.505387 -0.169484 0.402731 -0.973089 0.969875 -0.517344 0.783548 -0.731593 -0.822539 0.0878383 0.413791 1.15231 -0.680425 -0.511248 0.684901 -0.273908 -0.50413 -0.810564 0.915236 0.417628 -0.60276 -0.225933 0.19216 -0.832637 0.943255 -0.031491 0.0475661 -0.960181 0.329529 -0.699207 0.00058052 0.789802 0.23776 -0.233354 0.585483 0.0203606 -0.652512 0.147086 -0.756691 -0.350147 -0.0858338 -0.72017 1.2084 -0.564875 0.307404 -0.0863018 -0.487454 0.127026 -0.760721 -0.705022 -0.49079 0.695433 0.680693 0.0865051 0.43228 -0.443471 -0.172749 -0.271794 0.351732 -0.245268 -0.306562 0.54185 1.03465 0.257751 0.591673 
#
50 sigmoid 50
0.985435 -0.060981 0.264321 0.791156 0.908253 -0.675607 -0.329594 0.888857 -0.118047 0.796926 -0.327459 0.687915 -0.203209 -0.11964 -0.797251 -0.474709 0.349049 -0.410958 0.0208047 -0.445686 0.0449464 -0.190703 0.100351 0.486751 -0.868509 -0.371977 0.331334 -0.512345 -0.539176 -0.683512 0.616631 -0.543861 -0.419108 0.314288 0.544729 -0.768918 -0.606148 0.896332 -0.2421 -0.00114522 0.746081 0.576596 -0.493435 -0.00277775 -0.464458 0.179655 -0.684399 0.504011 -1.01094 0.214074 
-0.390619 -0.76262 0.808037 0.907461 -0.545172 0.0769251 0.783556 -0.317984 0.648367 -0.73411 0.579121 -0.729377 -0.0705965 0.746411 0.956323 -0.307906 -0.357227 -0.843701 -0.0165061 -0.198618 0.567825 0.249878 -0.904785 0.733611 -0.07852 -0.806422 -0.570815 0.351239 -0.940497 0.344553 0.707728 0.582441 0.0984451 -0.367624 0.320075 0.970353 0.227099 -0.109125 0.261101 0.45953 0.88668 0.0445918 -0.0179159 -0.436727 -0.133874 -0.202166 -0.975656 0.784018 -0.622865 0.320245 -0.232078 -0.662246 0.956853 -0.484429 -0.621063 -0.588463 -0.274384 0.471699 0.518783 -0.608362 -0.490483 0.382975 0.522809 -0.768416 -0.507378 -0.0647984 0.23611 0.943018 0.0361025 0.654882 0.741302 0.708157 -0.270348 0.615759 -0.306732 -0.497904 0.48889 0.252066 -0.460488 -0.0615437 0.0415307 0.0643346 0.167807 0.78176 0.802329 0.531059 0.113383 0.426917 0.0277886 -0.43422 -0.243984 -0.810764 -0.552301 0.164781 -0.215284 0.183462 -0.320406 -0.951416 0.899664 0.0290519 -0.421945 -0.0660262 -0.753973 0.903129 -0.205158 0.296489 0.567563 0.435367 1.02928 0.673375 -0.72235 -0.416022 0.436201 -0.320397 0.799079 -0.413991 -0.329329 -0.158904 -0.675972 0.180142 -0.106997 -0.365697 -0.49405 0.898807 -0.598908 0.0851822 0.175343 -0.328223 0.130054 -0.947974 0.681946 0.474818 0.25006 -0.0449793 -0.67043 -0.627885 -0.850977 0.779155 -0.895516 -0.0731036 -0.139548 -0.398204 -0.875091 0.683783 0.19045 -0.0332611 0.358079 -0.313015 -0.652662 0.60963 -0.730717 -0.629933 -0.707955 0.294534 -0.229247 -0.831121 -0.33639 0.223341 0.6834 -0.370776 0.246066 -0.0590481 -0.210914 -0.698342 -0.877597 0.118445 -0.954374 -0.381762 0.690662 0.391264 0.319398 0.499261 -0.701129 -0.864686 -0.877247 -0.433616 0.1187 0.542036 -0.0959964 -0.388768 0.425532 0.718815 -0.634244 0.093943 -0.552521 -0.634644 0.0226149 0.862193 -0.446034 -0.774598 0.426332 0.865254 -0.223803 0.77471 -0.0332894 0.241996 0.968691 0.591238 -0.440586 0.246533 0.676017 0.277393 0.137513 -0.535213 0.197682 -0.863064 -0.136524 0.804727 -0.176923 -0.623696 -0.253589 0.433229 -0.669755 0.930652 -0.924661 -0.958941 -0.87641 -0.541723 0.0773053 0.465496 0.461566 -0.335425 -0.33391 0.212328 -0.371444 0.317514 -0.829673 -0.329728 -0.385073 -0.165189 -0.809007 0.279406 -0.0264412 0.0475749 -0.110532 -0.70926 0.644822 -0.90537 -0.705464 -0.646297 0.765162 -0.129005 0.254961 0.235096 -0.963529 0.60406 0.000634364 0.972643 -0.126729 0.749314 -0.639993 -0.922075 -0.572399 -0.734528 -0.451329 0.430544 0.54177 -0.0417055 0.897186 -0.83903 0.797037 0.98244 0.436154 -0.0148734 0.585248 -0.178781 -0.0603245 -0.753125 0.180505 -0.0259837 -0.531473 -0.687614 0.413456 -0.602819 -0.437284 0.241589 0.0345666 0.495123 -0.313389 1.02917 0.162385 -0.79353 0.988513 -0.398207 0.306549 -0.467829 -0.501387 -0.0384767 -0.684644 0.838845 -0.80195 0.19305 0.0501896 -0.773601 0.160863 -0.347195 0.320615 0.632836 -0.253087 0.127819 -0.0608814 -0.884043 0.579791 0.601716 -0.571822 -0.890838 0.620357 0.896122 -0.900695 -0.30188 -0.556215 -0.885379 0.191182 -0.568294 -0.578282 -0.533707 -0.597556 0.288253 -0.0828262 -0.0870047 -0.989977 -0.865549 0.543018 -0.504544 0.853154 -0.174963 -0.652058 0.0794135 -0.448045 0.699898 -0.491397 0.0818747 -0.941615 -0.623281 0.245633 0.751076 -0.761667 -0.165413 -0.0745761 -0.437626 0.372239 0.881127 -0.564741 -0.670122 -0.697869 0.208473 0.709113 -0.631275 -0.0231647 0.350811 0.990841 0.970322 0.117312 0.825647 -0.693571 -0.725644 0.688549 0.34297 -0.0720508 0.60767 0.881214 0.511337 -0.2402 -0.898058 -0.297995 0.97942 -0.173791 0.196368 -1.00173 0.637064 0.143865 0.749155 -0.786392 0.0837567 0.40865 0.957343 0.159539 0.0366192 -0.0334652 -0.872166 -0.811925 -0.470304 -0.142635 -0.862226 0.780385 0.16518 1.00059 0.0327475 0.432592 -0.852769 0.974853 -0.706068 0.330046 0.867007 -0.356378 0.766898 0.0888204 0.201277 -0.0204966 0.475278 0.969167 -0.726479 -0.86305 0.760954 0.274654 0.119939 -0.0277539 1.01894 0.250355 -0.893794 -0.057685 0.593669 -0.299947 -0.155073 0.369528 -0.816755 0.433921 0.505801 0.526423 -0.879389 -0.0996046 -0.642845 0.67818 -0.313673 0.929945 -0.0746803 0.640934 -0.258668 -0.0117749 -0.675905 0.812429 0.739366 0.898578 -0.000935715 0.854397 -0.430895 0.359679 0.25099 -0.248559 -0.579231 0.877098 0.193827 -0.301371 -0.954291 0.662946 0.155493 0.0356967 -0.80712 -0.897436 0.867281 -0.654328 -0.901497 -0.423988 0.844897 -0.565253 -0.999615 -0.269033 0.426447 -1.00566 -0.0687133 0.833616 -0.419427 -0.627679 -0.545423 -0.843875 -0.0285492 -0.152044 -0.668198 -0.155921 0.259771 0.345555 0.612561 0.0632126 -0.0749893 -0.836942 0.292247 -0.962718 0.947192 0.776734 0.94613 -0.954875 -0.98612 -0.227976 -0.477753 -0.546779 -0.150239 0.488432 -0.559707 0.232347 -0.278869 -0.994415 -0.402219 -0.968097 0.303511 -0.0817227 0.147376 -0.289135 0.404562 0.610844 0.92869 -0.0818872 -0.975386 -0.906945 -0.195406 0.903186 -0.139963 -0.188277 0.184274 -0.20191 -0.433193 0.466788 -0.853409 -0.944189 0.829267 -0.68121 0.844569 0.351044 -0.786274 0.470282 -0.738279 0.818725 0.969657 -0.950326 -0.717735 -0.412832 -0.309952 0.375102 -0.101285 -0.646973 -0.418232 -0.475548 0.57124 -0.809105 0.504818 0.287304 0.877598 0.69881 -0.036268 0.251876 -0.05653 -0.631076 0.366393 0.739215 -0.865822 -0.721774 -0.196063 0.76617 -0.647449 -0.0527828 0.0984153 -0.718224 0.524713 0.83555 -0.208464 -0.0189689 -0.43993 -0.777832 0.0186051 -0.784773 -0.469751 -1.00849 0.905236 -0.762745 0.380887 -0.174595 -0.110199 0.127793 -0.709066 -0.477602 0.356126 -0.79362 0.922246 -0.615853 -0.484957 -0.944815 0.814254 0.428738 0.93153 0.350642 0.911908 -0.27297 -0.0316332 0.0775291 -0.237872 0.803986 0.882361 -0.896574 0.285402 0.0769426 -0.677112 0.311416 0.119343 -0.346467 0.805385 -0.791591 0.281953 0.50542 0.301763 0.222984 -0.14488 0.0617988 0.74862 -0.261323 0.640949 0.134007 0.475989 -0.719836 0.360119 0.914851 0.546702 -0.329028 -0.224704 0.104424 -0.91619 0.347347 -0.148463 -0.82645 0.789321 0.599004 -0.640472 0.487146 0.599525 -0.261049 -0.412793 -0.187369 0.486964 0.857391 -0.373776 0.747029 -0.881663 0.937784 -0.512154 0.841749 -0.436265 -0.952759 0.55388 -0.919099 -0.489162 -0.18632 -0.86913 0.317562 -0.436451 -0.883222 0.0564905 0.964992 -0.571154 -0.831872 0.831035 -0.279368 -0.831879 -0.690187 0.00811382 -0.524136 -0.428978 0.726864 0.437657 0.140565 0.55592 0.490352 -0.650768 -0.105606 0.492357 0.0864917 0.275627 0.334946 0.517069 -0.698376 0.875415 0.170338 0.680667 0.589447 -0.603117 0.461162 -0.898959 -0.611783 0.494717 0.646046 0.219457 -0.545794 0.0802397 -0.3106 -0.382555 0.751958 -0.305994 -0.426474 -0.548261 -0.471738 0.719509 0.662792 -0.21528 0.262542 -0.773243 -0.914222 0.192052 0.548668 0.683078 0.715701 0.877879 -0.849197 0.648919 -0.691963 -0.26107 -0.234096 0.916881 -0.241344 0.0580236 -0.558077 -0.747865 0.42847 0.301368 -0.125313 0.957121 -0.593635 0.0564418 0.0778089 0.912523 0.121373 -0.733345 0.281362 0.45862 -0.909056 0.255474 -0.882935 -0.91197 0.785086 -0.834549 -0.0985133 0.176748 0.62618 0.941109 -0.663167 -0.656626 -0.803339 -0.633563 0.562811 -0.541088 0.0853407 -0.442926 0.748162 -0.137852 0.552511 -0.347983 -0.581623 0.583668 -0.690649 -0.868102 0.479472 0.757003 0.0160872 0.680826 -0.6065 -0.89751 -0.496383 -0.304314 0.739028 0.954941 -0.457574 -0.559034 -0.163168 0.209768 -0.721696 0.0435082 0.621995 0.215269 -0.277546 -0.420893 -0.41603 -0.709393 -0.254913 -0.813901 0.37215 0.692949 -0.8332 0.462513 0.0520113 -1.04852 0.888206 0.818306 0.742277 0.391823 -0.0328637 -0.588031 0.994272 0.135219 -0.330631 0.785276 0.372626 0.589844 0.417076 0.767623 0.532453 0.321383 -0.0436976 0.342799 -0.502928 0.789931 0.962357 0.433117 0.046495 -0.365429 1.00957 -0.563431 0.605088 0.31067 -0.48003 -0.281895 -0.586772 -0.713508 0.161352 0.666322 1.0276 -0.852554 -0.83406 -0.63681 -0.878457 -0.355429 0.718942 0.730773 -0.847651 0.120017 -0.369197 0.550172 0.233023 -0.454644 -0.301604 -0.498024 -0.328295 0.105093 0.936007 -0.944288 0.736346 -0.186719 -0.892731 -0.220098 0.575625 -0.645496 0.296674 0.327275 0.0656988 0.275548 -0.285808 -0.323693 0.112019 -0.190456 -0.680703 -0.975464 -0.376872 -0.156781 0.674953 0.0552675 0.1087 0.0310665 0.650387 0.242024 0.116308 -0.53054 0.334588 0.949677 0.714774 -0.461576 -0.990008 0.8895 0.344808 0.481539 -0.347039 -0.295347 0.133215 -0.962825 -0.243146 -0.147507 0.681064 -0.0705712 -0.0118435 -0.312288 0.314658 0.405802 -0.0727849 0.876635 0.555963 0.209549 0.457053 0.0687383 0.336384 0.335444 -0.527489 0.291699 0.149926 -0.808247 -0.59473 -0.512234 -0.0881514 -0.536304 -0.591341 -0.268 0.244013 -0.0137291 -0.787394 0.401535 -0.391432 0.396432 0.0379438 0.86598 0.0656667 0.62866 -0.904962 -0.443525 0.408092 0.781788 -0.570485 -0.421122 0.688817 0.970321 0.131264 0.465789 -0.00306633 0.593596 -0.553811 0.500394 -0.768433 -0.587106 -0.358195 -0.385901 -0.756283 0.568479 0.782996 0.216305 -0.56932 -0.306005 -0.823963 -0.260636 0.00224273 0.0280657 -0.780428 0.65407 0.542521 0.624695 -0.0174935 -0.744941 -0.57112 0.535868 -0.0611799 0.426363 -0.281649 -0.960013 -0.0721434 -0.638053 0.340359 0.133992 0.168881 0.419994 -0.407206 0.0693498 0.575706 -0.345713 0.984862 0.285761 -0.556543 -0.750315 -0.755588 0.309142 -0.964687 -0.646448 0.656078 -0.195042 0.96384 -0.133472 0.550511 -0.969997 0.971789 0.260093 -0.548484 0.136019 0.891707 0.814109 0.829939 -0.406701 -0.219463 -0.00376525 -0.249054 0.76198 0.252432 0.0352641 -0.268421 -0.499567 -0.971262 0.755908 0.102237 0.206788 0.89137 -0.584042 -0.173929 -0.0548512 -0.473168 -0.555461 -0.714335 -0.871437 0.59813 0.12575 -0.260857 0.70637 0.111739 0.0228061 0.320238 0.0564132 0.879645 0.344318 -0.692781 0.948804 0.837073 0.206555 0.314393 -0.0189865 0.675156 -0.55438 0.0490568 -0.495184 -0.662873 -0.169195 0.0571707 -0.647839 -0.0613081 0.663921 0.622447 -0.838534 0.643792 -0.841593 -0.711859 -0.624995 0.757089 -0.539787 -0.53385 -0.524815 0.656754 0.257339 -0.524266 -0.529685 -0.805002 0.846921 0.731531 -0.362203 0.782498 -0.148576 -0.301148 -0.367513 -0.477868 0.481279 0.0114137 -0.8761 0.0701482 0.478488 -0.238339 0.93469 -0.279781 0.597565 0.526674 -0.411461 0.713491 0.861198 0.0463373 -0.761322 -0.63524 0.75787 0.288114 0.695142 0.151836 0.377694 -0.515285 -0.130832 -0.740546 0.635516 0.964996 0.79257 -0.716355 0.187711 0.293486 0.55742 0.478741 0.311735 -0.795835 0.632299 -0.909827 -0.568792 0.895366 0.577956 -0.518247 0.037848 -0.117863 0.861803 -0.550453 -0.949012 0.461256 -0.00918211 -0.88226 -0.210959 -0.302299 -0.497082 -0.604177 0.0690021 -0.431891 -0.364629 0.000823294 0.504458 -0.375287 0.4438 -0.404355 0.465065 -0.195129 0.788364 0.135693 -0.421774 -0.798606 0.775029 0.0811638 0.424271 0.604754 0.821677 0.839023 0.179243 -0.625095 0.411068 -0.213534 -0.761492 -0.223149 0.34392 0.43104 -0.61293 0.595243 -0.431023 0.832822 0.861075 -0.060911 -0.839698 -0.114608 -0.110881 0.962872 -0.969075 -0.44761 0.951648 0.427063 0.571325 -0.402824 0.828397 -0.765963 0.183288 -0.945214 -0.424693 0.972664 0.850614 -0.705858 -0.433758 0.90671 0.705049 0.695023 0.58101 -0.303353 -0.644202 0.126524 -0.744033 0.905881 -0.525685 -0.293651 -0.749776 -0.771133 -0.782939 -0.427052 -0.492214 -0.783622 -0.535606 -0.48249 -0.803902 -0.929387 -0.865693 -0.588782 0.688738 -0.28912 0.572094 0.187105 0.678086 -0.293348 -0.0927398 -0.44146 -0.123726 0.889535 0.402585 0.425191 0.53121 -0.641006 -0.70511 0.158902 0.367476 0.186034 0.549504 -0.910977 -0.129881 0.757525 -0.408467 0.584992 0.299641 -1.01723 0.00637029 0.455955 -0.346416 -0.872499 0.00225567 0.530767 -0.567818 -0.778519 0.350275 -0.0672384 0.582891 -0.956996 -0.162463 -0.663701 0.517389 -0.454761 -0.930146 -0.363951 0.90781 0.340705 -0.757683 0.754949 -0.883602 -0.638785 0.887709 -0.859237 -0.554644 0.524404 -0.216425 -0.624473 0.217489 0.472507 0.180183 0.971458 -0.414771 -0.154449 -0.0769897 -0.841497 -0.150963 0.786754 -0.938138 -0.448134 0.16982 -0.922407 -0.896928 0.815063 0.830478 -0.813701 0.927218 -0.895159 -0.521078 -0.988553 -0.0484419 0.23853 0.680217 -0.117963 0.152155 0.0857946 0.256666 0.328282 -0.888981 0.508477 0.406494 0.871207 0.827568 -0.961773 0.640957 -0.645455 0.953999 0.936075 -0.25501 -0.957415 0.061934 0.123448 -0.170766 0.601321 0.0178425 0.92523 0.189539 -0.392455 0.489625 0.382206 -0.708063 0.473453 0.272355 -0.828353 -0.489674 -0.550485 -0.00139851 0.387435 -0.648347 -0.491745 -0.872485 0.882705 0.216892 -0.667207 0.397078 0.526568 -0.508743 -0.33936 -0.112091 -0.316552 -0.731969 -0.46708 0.831206 0.0610487 0.827117 -0.13923 0.382363 0.400434 0.163341 -0.899311 0.529635 -0.965189 -0.560212 -0.714234 0.974177 0.244512 0.584921 -0.850762 0.479094 -0.0140516 0.490793 -0.651907 -0.960599 0.44551 0.41131 -0.258296 -0.00109045 -0.805237 -0.333949 -0.54011 0.941759 -0.389576 0.588837 -0.367016 0.314219 0.227692 0.947688 0.0351051 0.601795 0.674828 -0.17782 0.454222 0.556756 -0.34032 -0.569593 0.0697434 -0.432883 0.500304 -0.721296 0.165827 0.520401 0.634113 -0.190343 0.106988 0.883183 0.0557833 -0.160422 -0.881589 -0.3911 0.221501 0.544253 0.500097 -0.488322 -0.265497 -0.11015 0.520193 -0.0583011 0.681571 0.679901 -0.142081 0.278174 0.944617 -0.0633933 0.150977 0.506249 -0.745682 0.109161 -0.91142 -0.288426 -0.0388629 0.533916 0.0367528 -0.621963 -0.650088 -0.571284 -0.58425 -0.292207 0.652344 0.301597 0.129272 -0.792557 0.784792 0.902873 -0.306989 0.500784 0.527399 -0.651057 -0.143275 0.347719 -0.235652 -0.854167 -0.188539 0.155578 0.237889 0.440594 0.771314 -0.164208 0.809336 0.995794 -0.213058 -0.0763838 -0.513955 -0.416156 -0.355566 0.52632 0.996078 -0.591982 0.611712 -0.950133 -0.766266 -0.730621 0.355685 -0.0899023 0.580746 -0.0819182 0.569142 0.196051 0.0163981 -0.428526 -0.292114 0.137657 -0.365045 0.992733 -0.379359 -0.337774 -0.0335007 0.292164 -0.312115 0.702634 -0.0751348 0.885959 0.973067 -0.393019 0.925883 -0.275062 -0.896231 0.853994 -0.105496 0.78013 -0.251113 0.734406 0.640101 -0.577312 -0.528034 -0.741739 -0.774517 0.07871 0.329924 -0.439107 -0.0922176 0.288194 -0.0777133 -0.0871561 -0.952629 -0.0401858 0.273098 -0.319737 0.581095 -0.984536 0.0259575 0.792652 0.661145 0.857864 -0.83651 0.456991 -0.284377 -0.870069 -0.340485 -0.294946 0.715391 -0.99055 0.14824 0.674586 1.02601 -0.508419 0.321189 0.830633 -0.145289 -0.383711 0.163029 0.65043 -0.277225 -0.805933 0.189321 0.534531 -0.678216 0.107936 0.192287 0.767152 0.0437558 -0.102063 0.621712 -0.818509 0.465535 0.531998 -0.516885 0.660477 -0.870088 -0.291762 0.538615 -0.357147 0.958073 0.212145 0.902231 0.924873 -0.0632023 -0.325668 0.126928 -0.220849 -0.763133 0.257813 0.134138 -0.461604 0.705019 0.532535 -0.648423 0.60234 0.962204 -0.21682 0.483819 0.726465 0.42416 -0.168938 -0.277686 -0.886767 -0.504234 -0.600761 -0.305443 -0.63003 0.342657 0.630808 -1.00082 -0.877322 0.733862 -0.232796 0.11655 -0.815913 0.423102 -0.642702 0.226044 0.150144 0.255584 0.118079 0.819723 -0.545891 -0.187872 0.20799 -0.799906 0.76409 0.434983 0.0607081 -0.505809 -0.890837 -0.915227 -0.498196 -0.834034 0.0155954 0.385407 0.81027 0.319696 -0.41039 0.0668057 -0.0606908 -0.356085 -0.277889 -0.700535 0.483564 0.0606775 -0.327005 0.772323 -0.0356249 -0.542627 -0.175706 -0.387123 0.332241 0.294165 0.925664 -0.286424 -0.254935 0.681732 -0.219496 -0.000600441 0.203035 0.796434 -0.356934 0.565252 -0.977899 0.261078 0.422679 0.509701 -0.263633 -0.8205 0.502205 0.282959 -0.882844 0.275867 -0.808171 -0.418244 -0.697085 -0.980803 -0.0799812 0.466103 -0.238692 0.0784783 -0.0059072 -0.375089 0.600186 -0.578589 -0.190222 -0.403493 0.709005 -0.440279 0.20586 -0.626975 -0.35016 -0.899382 -0.00646224 0.840461 -0.0565778 0.449494 -0.17666 -1.02507 0.977862 0.582217 0.952474 0.948459 0.0290078 -0.521803 0.771163 0.675733 0.723531 0.752763 -0.302447 0.362307 0.832007 -0.628173 -0.460262 -0.00222087 -0.549084 -0.278717 0.90635 -0.786383 -0.915767 0.560272 0.408708 -0.938682 -0.638985 0.933283 -0.922943 0.0946759 -0.0530381 -0.541925 -0.212815 -0.440231 -0.0276101 -0.967467 -0.334896 -0.40255 -0.241055 -0.866488 -0.5946 -0.281345 -0.612833 -0.682504 0.393329 0.634289 0.21061 0.678903 0.293517 -0.225552 -0.152226 -0.311227 0.961269 -0.676715 0.304664 -0.631488 0.757742 -0.158548 -0.529873 -0.458629 -0.378802 0.803342 0.444137 -0.191967 -0.813391 0.961822 -0.592023 0.255966 -0.653849 -0.310411 0.193112 0.66669 -0.523418 0.816511 -0.130608 0.537909 -0.393579 0.488637 -0.741606 -0.812422 -0.2264 0.0396833 -0.649118 0.236545 -0.792952 0.642235 -0.112443 -0.120802 -0.792745 -0.608679 -0.108147 0.688064 0.920854 0.792119 0.0462364 1.0004 0.8356 -0.0839872 0.466849 -0.38912 0.540322 0.289476 0.0158345 0.450191 0.394024 -0.388353 0.91109 0.139914 0.653686 -0.624728 -0.323188 0.480901 0.8446 0.973575 0.892742 0.535408 -0.303897 -0.88944 0.11686 0.774349 -0.180122 0.103429 -0.774563 0.368163 0.349808 -0.478145 0.854678 0.873457 -0.104161 -0.784353 -0.248454 -0.576844 -0.855139 -0.385874 -0.0194985 -0.106092 -0.18055 -0.325271 0.808625 0.425476 0.23443 -0.40603 -0.945743 -0.37165 0.407455 -0.0772063 -0.662938 0.817631 -0.371817 0.75386 -0.698814 -0.915335 -0.259934 0.0555516 0.486384 0.961075 0.0902638 -0.389594 -0.350829 -0.230161 -0.547248 0.0869739 0.0942857 -0.823341 -0.0640156 0.0120616 0.833729 0.236389 0.0778234 -0.598344 0.394197 0.19463 -0.919502 0.959934 -0.81603 -0.0364177 -0.13285 0.369706 -0.73968 0.338637 -0.78789 -0.998922 -0.869399 0.715599 0.55024 0.0902406 -0.425094 0.162809 0.446398 -0.107126 -0.122613 0.223708 0.563538 0.104443 -0.0385399 0.641828 -0.726503 -0.398824 0.580337 0.834993 0.140078 0.640212 -0.612051 0.447865 -0.417943 0.447686 -0.231008 -0.377015 -0.0639561 0.406127 -0.126063 0.707553 0.211785 -0.373375 -0.0701739 1.00027 0.543219 0.507045 0.827411 -0.663666 -0.801762 -0.388139 0.292905 -0.356606 -0.33313 -0.650766 -0.637302 -0.1092 -0.61352 0.0997551 0.157427 0.77035 0.0321224 0.598612 0.141292 0.682263 0.16595 -0.431023 0.918473 -0.7563 -0.372587 -0.463335 0.445533 0.720235 0.917159 -0.66747 -0.434094 -0.799993 -0.784115 -0.0377661 0.998324 -0.893361 0.130669 -0.538257 0.809936 -0.39478 -0.399228 0.148359 0.200866 0.218885 -0.366901 -0.17361 0.902724 -0.453027 0.398615 0.954914 0.675957 -0.400721 -0.8893 0.667613 -0.805524 -0.196405 0.410624 -0.643272 0.858253 0.394789 -0.933285 0.479195 -0.1367 -0.455488 -0.939451 0.866753 0.567143 0.804499 0.989012 -0.164202 -0.727998 0.674263 0.595319 -0.590108 0.126581 -0.797362 0.139826 -0.265312 0.419502 0.397269 -0.638725 -0.0226049 0.789124 0.159594 -0.355403 -0.150577 -0.464734 0.925989 0.407973 0.0152339 0.471641 -0.7289 0.0387944 0.486063 -0.508774 -0.745464 -0.762486 -0.450077 -0.800726 -0.942338 -0.909256 -0.951262 -0.936018 -0.672454 0.394598 -0.164359 0.978921 0.868438 0.157854 0.62598 -0.128761 -0.855447 0.288427 0.758041 0.533275 -0.351357 -0.429003 -0.172816 -0.851193 -0.204314 -0.0615867 -0.752186 0.441443 0.00299034 0.852967 -0.811511 -0.743862 0.0795956 0.599526 -0.032059 0.693444 0.937593 0.481607 0.910483 -0.807523 0.981003 -0.919639 0.76554 0.438695 -0.423193 0.890846 0.860405 -0.818148 -0.240044 0.512817 -0.502319 -0.323317 -0.990271 0.628531 -0.801686 0.963085 -0.413496 -0.95087 0.984396 0.235032 -0.1613 -0.267151 -0.339468 -1.00804 0.499509 0.908428 0.324232 -0.992928 0.0940861 -0.247686 0.115189 -0.669103 -0.324533 0.803023 -0.783498 0.374553 0.93284 -0.476259 -0.780959 0.948455 0.707749 0.332913 -0.592556 -0.344584 -0.129232 -0.260625 1.00989 -0.923257 0.605899 -0.048584 0.183343 -0.378712 0.188882 0.261311 0.0686933 0.14472 -0.501257 -0.492434 0.234553 -0.0380616 -0.101924 -0.896479 -0.776494 -0.457507 -0.780407 0.299982 -0.884157 -0.727293 -0.598123 0.269928 0.827907 0.491641 0.868235 -0.200097 -0.518905 0.162616 0.286226 0.52347 0.826245 -0.30823 -0.818162 0.194027 0.261907 0.575127 -0.943118 -0.548033 -0.0361167 -0.583815 0.782324 -0.569042 0.457286 -0.654016 0.0856634 0.911139 0.718068 -0.557009 -0.811233 0.827357 0.534737 0.514903 0.91722 0.910184 0.986977 -0.601292 0.507996 -0.486954 -0.710689 0.752412 0.541985 -0.746414 -0.535634 -0.958605 0.815521 -0.336755 0.863702 0.917471 0.659393 0.247338 0.4223 -0.207843 0.172008 0.0307879 -0.959186 -0.226132 1.01166 -0.103127 0.539594 0.882734 -0.743442 -0.230636 -0.619356 -0.311614 0.0508744 0.0333154 0.85703 0.320585 0.701846 0.432755 0.87534 -0.476089 -0.654869 0.376179 0.676532 -0.785049 0.870131 0.560228 -0.281385 0.00365618 0.2234 0.650261 -0.00836504 -0.444942 0.936905 0.422268 0.00125553 -0.876846 -0.92595 0.629671 -0.830774 0.445536 0.810195 0.832377 0.394576 0.0171104 -0.573253 0.493819 -0.301298 -0.952531 0.86252 -0.0549536 -1.00361 0.21659 -0.558662 0.654745 -0.504025 -0.193592 0.547758 -0.330816 0.341084 0.467495 -0.578087 -0.166032 0.389221 0.701083 1.00156 -0.828767 -0.78387 0.861164 -0.872482 -0.139543 -0.120148 0.0741671 0.651385 -0.593972 0.256371 -0.116775 0.53536 0.689203 -0.226167 0.310412 0.791947 -0.906732 -0.843394 0.635959 -0.244279 -0.207582 -0.40026 -0.588858 0.183372 -0.418496 -0.312305 0.796874 -0.673911 0.514873 -0.543765 -0.681196 0.226956 0.804962 -0.0705066 0.656953 -0.0283874 0.512165 -0.581809 0.0865956 0.0148585 -0.559139 -0.553868 -0.317066 -0.463115 -0.524152 -0.958811 -0.380828 -0.245784 0.413059 -0.268007 -0.486749 -0.410765 -0.251355 0.387099 -0.959443 -0.233656 0.626113 -0.528662 0.261711 0.95076 0.279948 -0.287086 -0.119377 0.468682 -0.446696 0.107774 0.671337 0.683243 0.849389 0.0825074 -0.27512 0.494752 0.206654 -0.340812 -0.120803 0.70692 0.88095 0.677176 0.57799 0.30394 0.0633055 -0.461342 0.735019 0.880083 -0.996212 -0.869246 -0.0887153 0.521901 0.397071 0.540633 -0.885167 0.256098 0.877959 0.309147 -0.893463 0.890997 -0.336415 -0.954727 0.0169397 0.0669155 0.765962 0.277677 0.691951 0.265842 0.314007 -0.721449 -0.350408 0.149865 0.114144 0.412239 0.0961363 0.303683 0.331526 0.719826 0.124266 -0.724864 0.958964 -0.407269 -0.880912 0.431698 0.673362 0.902771 0.119705 0.927822 0.632738 0.770085 -0.174054 0.686159 0.314257 -0.272479 0.908516 0.941481 0.280384 -0.694702 0.246245 0.368863 -0.322731 0.312526 -0.360312 -0.583246 -0.729905 -0.862964 -0.319522 0.0923844 -0.27487 -0.475517 0.297103 -0.455454 0.971207 0.811523 -0.514083 0.152377 -0.127357 0.598086 0.81514 0.662932 -0.850939 -0.0316114 -0.830436 -0.460311 -0.138239 0.35734 -0.282985 0.509132 -0.18258 0.159977 -0.935469 0.0226648 0.346772 1.11405 -0.457292 -0.329771 -0.965258 -0.509188 -0.154369 0.0877647 0.429982 0.773496 0.606328 0.519353 -0.223461 -0.490077 0.102868 0.264383 0.554489 -0.201548 0.0184629 0.70021 -0.684795 0.409637 -0.133111 0.176735 0.0571956 0.71169 0.00659365 -0.611039 -0.450475 -0.468765 -1.02892 0.465122 0.668225 -0.273729 -0.416708 0.118564 0.140826 0.639206 0.942787 -0.869276 -0.176961 -0.792166 0.113074 0.196307 -0.91498 -0.421235 -0.0606508 0.872772 -0.901061 0.724544 -0.11278 -0.0541109 -0.403145 -0.115176 -0.00862399 0.0270559 -0.893043 -0.217646 -0.476267 0.167235 0.707154 -0.839643 -0.196962 0.140384 0.109348 0.578891 -0.893017 0.491559 0.1063 0.582443 0.566191 -0.632098 -0.285978 -0.869454 -0.50225 -1.03158 -0.117022 0.729056 -0.427774 -0.698739 -0.967406 -0.00355245 -0.138181 0.41398 0.376241 0.067297 0.891098 0.893046 -0.418908 -0.327583 -0.879633 0.872325 -0.362142 0.193589 0.280887 -0.0433019 0.159345 0.488304 0.875494 0.800116 0.877667 0.581842 -0.227587 0.194903 -0.62807 0.617387 -0.261264 -0.695409 -0.940109 0.846517 -0.471448 0.798223 0.339209 0.205383 -0.484016 -0.867396 0.942868 0.828772 -0.69509 0.89425 -0.167169 0.679388 -0.50599 -0.0527522 0.565147 0.637842 -0.610892 -0.710292 -0.494166 0.0629203 1.02108 -0.23853 -0.566223 -0.558266 0.779962 0.933141 -0.496707 0.842173 -0.191044 0.136438 0.0975044 0.16301 0.0671739 -0.711725 0.115281 -0.215334 -0.116411 -0.258632 0.0996762 -0.229972 -0.0240759 0.449463 -0.260597 -0.650996 -0.347342 0.549102 0.554071 0.312487 -0.119176 0.665064 0.667344 0.146499 -0.46305 0.655488 -0.465925 
#
10 tanh 50
0.163126 0.577624 0.235944 0.203076 -0.0767961 0.490096 1.03326 0.927484 -0.600103 0.76341 
0.533957 -0.91091 -0.812538 -0.370047 -0.000336466 0.301902 0.491458 0.565071 0.7368 0.751976 -0.443821 0.709437 -0.0409538 -0.396378 -0.207139 -0.437919 0.891876 -0.0788801 0.663895 0.904606 0.920392 -0.190832 -0.646753 -0.0363397 0.626535 0.425041 0.700956 -0.0307739 0.803184 0.441627 -0.94184 -0.796078 -0.756904 0.033115 -0.817804 -0.561477 0.48842 -0.954109 -0.749366 0.764857 -0.200549 -0.456591 0.774388 0.623249 0.714464 -0.132081 0.0529087 0.566395 0.574487 -0.89073 -0.797855 0.759758 -1.00147 0.400978 0.722829 -0.80822 -0.402275 -0.341342 0.141655 0.0863243 -0.246307 0.582656 -0.113438 -0.082792 -0.163584 -0.395572 -0.583755 -0.624475 -0.887904 0.606874 0.878885 0.324437 -0.11573 0.281468 0.388713 -0.148594 0.528065 0.169093 -0.940042 0.467609 0.0800785 -0.306872 -0.135551 0.903858 0.431493 0.625029 0.206504 0.43481 0.229543 0.200746 -0.639814 -0.412254 0.175746 0.741603 -0.753585 0.468271 -0.227014 -0.808278 -0.183729 0.845553 -0.487617 0.103528 -0.0159728 0.805152 -0.0905273 0.999915 0.0639321 0.764729 0.0767757 0.666563 0.861816 -0.390208 -0.581208 -0.879869 0.801564 0.928055 0.41372 0.0354333 0.545763 -0.14047 0.211275 0.312616 -0.904124 0.320988 -0.239628 0.428467 -0.875029 -0.788473 -0.615654 0.110757 -0.520327 -0.38499 0.241462 -0.772541 0.426393 0.483884 0.845238 0.856105 0.526161 0.992096 0.0378628 0.267872 0.520847 0.56609 0.812435 -0.863426 0.260097 0.148017 -0.52628 0.868794 0.497667 -0.577165 0.386038 -0.923033 0.580516 0.462144 0.678513 0.809055 0.344939 0.348542 -0.419842 0.0402556 0.936792 0.816946 -0.653341 0.408 0.746952 -0.519823 -0.423427 0.321533 0.497055 0.783904 0.737153 -0.671691 -0.493166 -0.434758 -0.481542 -0.658401 0.700633 0.401269 -0.678652 -0.021304 0.4034 -0.477872 -0.0886418 -0.953397 -0.586492 0.969247 0.550731 0.996313 0.174368 0.592019 0.874243 0.71914 0.116065 -0.0797608 -0.59607 0.915592 0.885235 0.370962 -0.324346 0.635537 -0.633901 -0.779573 0.411282 0.793009 -0.988368 -0.0302544 -1.00712 -0.512346 0.758666 -0.772072 -0.125671 -0.569177 0.259566 1.06077 -0.395115 0.44544 0.469167 -0.281891 0.889904 -0.0307437 0.34075 0.835617 0.988527 0.774286 -0.624825 0.184134 -0.676624 0.489095 -0.164094 0.311598 0.938492 -0.353934 0.811277 0.369483 -0.0274466 -0.361508 -0.117671 -0.899023 -1.08887 0.617547 1.05853 -0.688729 -0.314438 -0.719901 -0.891356 0.26913 -0.284443 0.446018 -0.0172488 -0.98962 -0.526349 -0.612395 0.0697346 -0.575446 -0.62738 0.887382 -0.548828 0.00320646 -0.543295 0.616405 1.01093 0.902568 0.0966271 -1.02868 -0.765286 -0.103329 0.824644 -0.253873 0.776869 0.381255 -0.981063 -0.576175 0.130592 -0.0467675 -0.747487 -0.65208 -0.417263 -0.908649 -0.73427 1.07103 -0.0834867 -0.315435 -0.682878 -0.0405138 -0.307053 0.63749 0.674524 -0.223378 0.0861048 0.732201 -0.94213 -0.398056 -1.00002 0.853684 0.939455 -0.0338283 -0.690606 0.700439 0.382773 0.608253 0.0786881 0.955169 -0.685438 -0.236386 -0.165652 -0.0914699 0.550962 -0.00236514 -0.170412 -0.729301 0.99237 0.745098 -0.577706 -0.0786267 -0.706469 -0.814004 -0.250591 -0.717804 0.126281 -0.095846 0.158116 0.994174 -0.0218676 0.141987 -0.440209 -0.809587 0.0231994 0.247456 -0.758413 0.573222 0.288334 0.195773 0.486819 0.442507 0.923566 0.561095 -0.448884 -0.787934 0.662422 0.65431 0.842326 -0.863449 -0.461207 0.459771 -0.633375 0.0143985 -0.763476 -0.666173 0.858066 -0.672407 -0.201701 -0.138376 -0.743461 0.623895 -0.0877701 0.242077 0.255206 -0.852416 -0.183559 0.183852 -0.25602 0.31436 -0.848059 0.643257 -0.260073 0.0248045 -0.216953 -0.00934763 -0.0654255 -0.107911 0.181777 -0.444685 -0.791869 0.189923 -0.942144 -0.67495 0.567298 0.36174 -1.0032 -0.495842 0.744751 -0.897293 -0.286399 1.04663 0.84508 0.140385 -0.779102 -0.432743 -0.34284 -0.529995 1.07314 -0.768402 -0.359658 0.64996 0.33493 0.064855 -0.874095 -0.726661 -0.294777 0.463632 0.353255 -0.293453 -0.339359 -0.123465 -0.418435 0.375703 0.725902 0.676956 0.958273 -0.832814 -0.21062 -0.383764 0.46186 0.272612 0.442321 0.682001 0.292981 -0.580447 -0.0432021 -0.628735 0.687798 0.345359 -0.464854 0.579918 0.54329 -0.249085 -0.553514 0.374785 0.289814 0.847303 -0.477579 0.31767 -0.366272 0.578739 -0.519484 -0.291189 -0.411187 0.290975 1.24437 0.106098 0.530564 -0.511479 0.352372 -0.218432 1.07174 -0.994586 -0.785828 -0.279901 -0.158426 -0.549908 -0.848625 -0.893509 0.568874 0.611982 -0.586992 0.0494527 -0.452889 -0.408097 0.586558 -0.932098 -1.00021 -0.778869 -0.469349 0.968157 0.396587 -0.204026 0.76809 0.16442 -0.12724 -0.260635 0.412338 0.685529 -0.0372852 -0.567238 -0.124177 0.525735 0.840745 -0.870934 0.902259 -0.413372 -0.693853 0.809134 0.654785 0.678845 -0.231848 0.930742 -0.163075 -0.24134 0.203278 0.199953 0.289817 -0.124657 0.246517 0.0740475 0.794445 0.875688 -0.600239 0.810137 
#
1 sigmoid 10
0.919964 
0.40918 -0.396327 0.555731 -0.512879 2.12212 -1.36622 0.822144 1.44779 -1.5812 -0.630654 
