6 0.1 2000 mse
#
2 input 0
-0.915507 0.423207 

#
35 relu 2
0.678095 0.178464 0.547995 -0.904994 0.220687 0.746867 -0.302582 0.902296 0.315849 -0.873976 -0.90923 -0.173259 0.977091 -0.850577 0.142643 0.588143 0.251604 -0.206028 0.526535 -0.368632 0.329077 -0.877457 -0.670351 0.558753 -0.474031 -0.944621 -0.0587501 0.238625 0.835339 -0.199991 -0.318418 -0.986771 0.646475 0.648897 -0.24803 
-0.172054 0.151833 -0.677073 -0.172859 -0.941674 -0.0311777 -0.00716084 0.32471 -0.06932 -0.669555 -0.233459 -0.776611 0.489602 0.51558 0.000343369 -0.922026 -0.830337 -0.146758 0.351342 0.692558 0.044813 -0.116697 0.422649 0.678974 0.710613 0.984435 0.321085 0.375612 0.457328 -0.557654 1.17266 -0.617389 0.142067 0.53623 -0.427271 -0.633196 -0.541838 0.0476426 -0.201725 -0.955989 -0.748421 0.488772 -0.384373 0.139305 -0.344316 -0.0740872 0.812695 0.554681 0.0682827 -0.24561 0.493298 -0.985892 0.354024 -0.472787 0.574319 -0.0486153 -0.077355 0.595645 -0.0042195 -0.980207 -0.929794 0.546186 0.983447 -0.576826 0.648777 -0.806571 0.364535 -0.620955 -0.701794 -0.639047 
#
35 linear 35
0.827806 -0.272908 -0.285253 0.229587 -0.188632 -0.847278 0.902569 -0.570257 -0.184765 -0.440536 -0.513124 -0.949876 0.6512 0.729998 -0.0621914 0.232607 -0.913653 0.906355 -0.557274 0.619556 0.495215 0.336521 0.789105 0.196779 -0.355825 -0.299664 0.820304 0.478841 0.434866 0.321214 0.56113 0.506239 -0.818599 -0.940452 -0.660877 
-0.366428 0.523842 0.980214 0.440522 -0.0542523 0.271246 0.704957 -0.583876 0.548194 0.0963849 -0.846864 -0.265347 -0.414775 0.789048 0.90378 -0.529446 -0.2247 -0.12792 0.0695471 0.55359 0.274836 -0.639146 -0.116209 -0.819092 0.160497 0.447375 -0.352826 -0.808026 -0.327488 -0.674105 0.573562 0.661344 -0.962525 -0.74587 -0.8462 0.976605 -0.15512 -0.0309042 0.813736 -0.448946 -0.593975 -0.705017 0.408382 -0.225091 -0.177552 0.526905 -0.955315 0.396683 0.940179 -0.306252 0.199241 -0.740325 0.944363 0.990564 0.549854 -0.495317 0.617379 -0.937167 0.0174391 0.149913 0.286807 0.819754 -0.337615 0.546237 0.0760358 0.0875739 -0.396493 0.558128 0.52783 -0.775386 0.355846 0.708467 0.497559 0.503139 0.940736 -0.501328 0.462969 -0.183241 -0.702894 -0.230847 0.218906 0.684037 -0.415516 -0.300285 -0.27242 0.0685864 -0.525134 0.225693 -0.387156 0.643536 -0.916832 -0.342425 -0.444713 -0.214511 -0.999541 -0.0789394 0.510868 0.692019 0.395971 -0.288715 0.888435 -0.698744 -0.330033 -0.949406 0.0491952 -0.621481 -0.948203 -0.918185 -0.328759 -0.387743 -0.440806 -0.500836 -0.0121889 0.596699 0.781773 -0.453603 -0.634384 -0.133018 -0.0247627 -0.792919 -0.131762 -0.980122 -0.249963 0.069789 -0.278049 -0.901946 -0.795433 0.618105 -0.591698 -0.243503 -0.614319 -0.649309 0.59626 -0.641875 0.364921 -0.45333 -0.603398 -0.752272 -0.747185 -0.22764 0.755975 -0.276665 -0.200619 -0.105997 -0.689729 -0.109086 0.911757 -0.520404 -0.12175 -0.421397 0.149457 -0.0574499 0.0149583 0.282612 -0.279543 -0.0591779 -0.383721 0.506235 -0.138512 0.262183 -0.789115 -0.206957 -0.905092 0.361433 0.905251 -0.687443 0.0564703 0.451784 0.214656 0.322244 -0.087241 0.441311 -0.410299 0.768099 0.383302 -0.964531 -0.274609 -0.234585 0.19117 0.936576 -0.860056 -0.367531 -0.668185 -0.913132 0.232113 -0.105675 0.701886 0.57277 0.450159 -0.695923 -0.355502 0.266732 -0.554287 -0.0177934 -0.47119 0.673114 -0.167879 0.671439 0.461631 -0.433776 0.54017 0.797241 -0.723826 0.773446 0.67919 0.40273 0.00194661 0.674197 -0.122552 0.72692 -0.525499 -0.722582 -0.576939 0.156231 -0.0584343 -0.480115 -0.856135 -0.472864 -0.747361 0.623409 -0.134863 -0.0988654 0.972643 0.620696 -0.485954 0.652581 0.596303 -0.88944 -0.919486 0.560192 -0.178771 0.28148 -0.278626 0.551294 -0.10062 -0.144531 0.956928 -0.342744 -0.534991 0.861313 0.305217 -0.681987 -0.471214 0.0138283 0.158481 -0.878829 0.417476 -0.188781 0.472254 0.268435 0.834995 -0.684481 -0.536457 -0.387069 0.885442 0.192783 -0.846923 -0.207674 0.108739 0.0846964 0.253836 -0.5459 -0.196493 -0.726253 -0.872182 -0.834414 -0.9581 0.183206 0.508952 0.654229 0.812076 -0.523625 -0.394413 0.0162033 0.536591 0.152251 -0.839103 -0.123893 0.205762 0.200096 0.678715 -0.777535 0.606068 -0.224986 0.79131 -0.418852 -0.0777195 -0.221858 0.975286 0.0580659 -0.093898 0.880033 0.604914 -0.291884 0.683366 0.677527 -0.693886 -0.852448 0.433238 0.629673 0.718462 0.594301 0.589697 0.606438 0.226638 0.170149 -0.123861 -0.379216 0.43319 -0.850505 0.835034 0.442532 -0.360842 -0.641522 -0.483598 -0.0375127 -0.563258 -0.8571 -0.188058 -0.402149 -0.103106 0.49654 -0.443246 0.200689 -0.677863 -0.00536499 -0.722537 0.0156898 0.897675 -0.130942 -0.899835 -0.590584 -0.510941 -0.369658 0.133338 -0.4284 0.726775 -0.273683 -0.29219 -0.306388 -0.699795 0.292752 0.669679 -0.105175 0.815831 0.915988 -0.769512 -0.351594 0.0810657 0.850958 -0.00750833 -0.107147 0.173125 -0.124597 0.418207 0.0706832 -0.133882 0.608769 0.366074 0.953043 0.242595 0.813031 -0.431457 0.589964 0.921215 -0.852968 0.576577 0.874817 0.434504 0.104015 0.302011 0.488707 -0.311993 -0.287908 0.45261 -0.121114 0.605732 -0.441276 0.768107 0.58279 0.582907 0.175572 -0.0504514 -0.961422 -0.0284814 0.772679 0.3691 0.873854 -0.26211 -0.547971 -0.874431 0.16013 0.206803 0.350413 -0.71933 0.467326 0.856313 0.815777 0.0110148 -0.0937884 -0.22661 0.463416 0.990687 0.805509 -0.885467 0.310917 -0.755339 -0.940521 0.80322 -0.458466 0.599835 0.897466 -0.509357 -0.0580219 -0.0354745 -0.885487 0.343015 -0.599745 -0.817638 -0.350613 -0.973512 -0.490593 0.115573 -0.331144 -0.630146 -0.633096 -0.343693 0.456594 0.801869 0.0891713 -0.247148 0.655493 0.858309 -0.945096 -0.187948 0.047977 -0.253103 -0.531044 0.505853 0.981953 -0.763754 0.563336 0.081476 -0.964943 0.22528 0.236008 0.358493 -0.0136307 -0.229714 0.617717 -0.47988 0.0779624 0.661104 -0.543548 0.684921 0.703943 -0.505159 0.719641 -0.0895706 0.566374 -0.964199 0.303826 0.9662 -0.765825 0.536449 0.218853 0.697966 0.208229 -0.261672 0.806816 -0.620573 -0.181524 0.0694508 0.672607 0.282419 0.0395586 0.203907 -0.502469 0.845144 -0.898845 -0.38493 -0.307543 -0.523637 0.0381053 -0.926251 0.380165 0.153183 -0.800495 0.47693 -0.640252 -0.443426 -0.459121 -0.257749 -0.392977 0.00950228 0.439901 0.163293 -0.965377 -0.245273 0.775972 -0.843172 0.879844 0.666941 0.431221 -0.521188 0.545384 -0.639913 -0.17209 0.0896804 -0.548165 0.0571903 -0.434457 -0.351097 -0.0682616 -0.2036 0.806307 -0.944555 0.504377 0.447193 -0.132694 -0.903559 -0.531864 0.534738 0.10196 0.89134 -0.370828 0.922912 0.662468 0.312513 0.698237 0.544123 0.632045 -0.732698 -0.0806075 -0.905854 0.457245 -0.568555 0.995364 0.262609 -0.464521 -0.0334261 -0.628672 -0.480749 -0.103479 -0.365986 -0.810645 0.0105084 -0.439161 0.541828 0.518107 -0.116727 -0.395959 0.741389 0.288596 0.376408 0.681761 0.816277 0.66408 0.158094 -0.617538 0.519593 0.156112 -0.27222 0.799504 0.684401 0.105124 0.478749 -0.909697 -0.838839 0.374241 0.0881855 -0.206628 -0.209877 0.999119 -0.276989 -0.543455 0.0417214 -0.393838 -0.407715 0.450561 -0.435092 0.742665 0.572212 0.88036 -0.729293 0.422953 0.579827 0.746502 -0.886589 0.589216 0.605074 -0.618057 0.197069 -0.224623 -0.332946 0.282892 0.852871 0.07529 0.96697 -0.349967 0.306048 0.584043 -1.02269 -0.258434 -0.826724 -0.0594991 0.1499 -0.158222 0.316674 0.367564 0.113214 0.888323 0.800391 -0.0917716 -0.562529 -0.283167 -0.409088 0.810927 0.49642 0.249578 0.114069 -0.932081 0.0930041 -0.999524 0.258151 -0.342062 -0.190301 -0.652824 0.0514413 -0.902205 0.432925 0.0499499 -0.221369 0.164187 -0.675013 0.185509 -0.692549 0.345784 -0.743894 0.64543 0.545162 0.618172 -0.00638343 0.441181 0.367235 0.506434 -0.387751 0.584449 0.290737 0.435604 -0.44702 -0.335861 0.748992 -0.271051 0.833214 -0.153089 0.731006 0.384295 0.509853 0.460993 0.459265 0.417771 -0.345616 -0.786614 -0.472399 0.583892 0.540533 -0.0519718 -0.304697 -0.447008 0.955963 -0.504898 -0.961668 -0.337017 0.158015 0.0758033 0.229635 -0.281119 -0.566893 0.699194 0.753902 0.695304 0.937047 0.791262 0.412794 -0.99 -0.72938 -0.779982 0.664876 0.45989 0.597413 1.00237 0.494648 0.0317883 -0.198912 -0.24152 -0.220672 -0.101538 -0.241059 -0.57807 -0.428048 -0.0120415 -0.444826 -0.773733 0.982109 0.0828808 -0.661083 0.59338 0.255762 0.800873 -0.285297 0.415671 -0.802035 0.837257 0.710286 0.578501 -0.676047 -0.300988 -0.820934 -0.318608 0.90473 -0.882191 0.593541 -0.725819 -0.973468 0.363501 -0.532956 -0.111675 0.226606 -0.506241 -0.0667785 -0.930229 -0.456172 -0.608791 -0.251699 0.817312 0.304384 0.347492 0.20942 -0.90766 0.768404 -0.75191 0.839386 -0.958667 0.653509 0.852646 -0.953584 -0.274103 0.630615 -0.805196 0.777221 0.33699 0.760442 0.153741 0.0654163 0.187659 0.490952 -0.391085 0.481394 0.226846 -0.632106 -0.910035 -0.91373 -0.284084 0.340564 0.859278 0.213558 0.215323 0.430836 -0.430889 -0.236325 0.275248 -0.990748 -0.320331 0.826834 0.448702 0.804439 -0.582102 -0.677245 -0.817315 0.84525 -0.673694 0.231017 0.641671 0.644267 -0.434515 -0.872424 -0.255618 -0.0628999 0.285049 0.363823 0.560356 -0.0134291 0.138055 -0.591835 0.0273426 -0.661457 0.536644 -0.816755 -0.0694292 0.387199 -0.623805 -0.251674 -0.290455 0.683746 0.703229 -0.58886 0.637058 0.321073 0.500981 -0.16124 0.756075 0.315207 0.630336 0.0169459 -0.204088 0.125069 -0.0670281 -0.00526838 0.448303 -0.0655387 -0.0231214 0.821851 0.191565 0.68056 -0.687789 -0.303079 -0.220424 -0.264633 0.233239 -0.704139 0.815548 0.130334 0.638312 0.88622 0.489879 0.0523275 -0.147984 -0.923544 -0.100632 0.814179 -0.0588105 0.233007 0.468511 -0.974839 -0.823621 -0.160143 -0.315981 -0.577208 0.780498 -0.174458 0.0200658 0.710183 0.792682 0.144573 0.0618447 -0.178818 -0.242236 0.762105 -0.404203 -0.23916 0.34064 -0.0225088 0.958302 0.211289 -0.682239 -0.654106 -0.615306 -0.0772719 -0.543147 0.152307 -0.145345 -0.423194 0.127199 -0.0632844 0.880639 -0.270015 -0.842133 -0.354232 -0.233025 0.807683 -0.797643 0.495506 -0.415146 0.228228 -0.104968 0.629025 -0.80967 -0.657145 0.305403 0.509068 -0.361264 -0.303582 0.988735 -0.688188 -0.667498 0.516555 -0.731314 0.784397 -0.758219 -0.991197 0.0434823 0.970542 -0.854223 -0.417791 -0.176726 -0.451565 -0.00698867 0.499711 -0.276492 0.729307 0.828916 -0.259452 -0.428338 0.214565 0.701662 -0.893454 0.621997 0.842574 -0.38698 0.514986 -1.00106 -0.684074 -0.790371 0.783538 -0.570266 -0.391815 0.916071 0.192174 -0.906134 0.0641791 -0.546072 0.142044 -0.0856675 -0.34995 0.976056 0.859623 0.513551 -0.895407 0.0957352 -0.424509 0.550183 1.00218 -0.0389397 0.0272582 -0.395103 0.422002 -0.319909 -0.431471 -0.0161632 -0.948468 0.318068 -0.316472 -0.969808 0.298185 0.939994 0.834943 -0.879675 -0.0173509 0.114765 0.364578 -0.321027 -0.820571 -0.931925 -0.862059 -0.88813 0.00704718 -0.597042 0.406354 0.155961 0.700936 0.818854 0.149645 0.999216 0.331474 -0.404167 -0.539264 -0.946724 0.147862 0.137802 0.315452 -0.860214 -0.991701 -0.859918 -0.99211 0.921478 -0.653668 -0.666442 0.716137 0.172967 -0.0262567 -0.458963 0.717314 -0.361617 -0.710188 -0.813622 0.263879 -0.738542 -0.772237 -0.62438 0.480752 0.510051 -0.556596 0.666934 -0.906262 -0.207473 0.536775 -0.878323 0.291911 0.776428 0.12137 0.860978 -0.640552 0.41056 -0.111598 -0.407664 -0.0983284 -0.777395 0.648597 -0.422975 -0.929562 0.501237 0.356451 -0.980825 -0.23457 -0.618921 -0.118822 0.210076 -0.224829 0.841628 -0.0176187 -0.719518 -0.207551 0.0589517 -0.68015 -0.182723 -0.781805 0.72548 0.589619 0.063278 -0.897397 0.220842 0.422113 -0.0585364 0.0306094 -0.835668 0.39586 0.164105 -0.492604 -0.490994 -0.0610542 -0.973606 -0.394942 0.598123 -0.0956176 -0.837082 -0.302758 -0.794307 0.810069 -0.673665 -0.99363 0.43309 -0.773477 -0.0357443 -0.932893 0.381781 -0.81046 -0.0799887 -0.315935 -0.694901 -0.917009 0.796249 0.503087 -0.708161 -0.445691 0.859784 0.00554821 0.924871 -0.279675 0.185046 -0.000818338 0.839363 -0.930195 -0.139344 -0.661371 -0.253619 -0.920916 0.219403 0.743121 0.881636 -0.0366812 0.820213 0.0547059 -0.160277 0.30648 0.625131 -0.878921 0.626677 0.501669 -0.22359 0.916428 0.0545237 0.751881 -0.621391 0.113842 -0.218838 0.352481 0.925334 0.386917 -0.982486 -0.069014 -0.136433 0.76834 0.789239 0.830282 -0.507941 0.21795 0.361321 -0.264779 0.311393 0.942796 0.268323 -0.41466 0.578152 -0.847827 -0.131271 0.680215 -0.0274099 -0.740846 -0.779839 0.954959 0.301238 0.250045 -0.886504 -0.126667 0.96657 -0.616448 -0.679034 -0.619523 -0.758851 0.47231 -0.246368 0.662019 -0.842316 -0.814571 -0.153551 -0.718288 0.88691 -0.21143 -0.952882 0.294401 0.616719 -0.5632 0.636546 0.695879 0.492742 0.0464245 0.153289 0.790632 0.949052 -0.563897 -0.938455 0.581996 -0.581003 0.188622 0.746097 -0.233069 0.407303 0.890965 -0.310418 -0.97607 0.512737 -0.399466 0.31207 0.989352 0.596755 0.919092 -0.141666 -0.660786 -0.20713 -0.525041 0.9347 0.753095 -0.48177 0.428619 -0.684568 -0.676861 -0.681288 0.131161 -0.712806 0.0869426 0.428219 0.533738 0.768771 0.636634 -0.530316 -0.624901 -0.512204 -0.682173 0.811668 0.0267072 0.507188 0.998923 -0.416195 0.213126 -0.493712 0.96483 0.938975 -0.604661 0.912232 0.923888 0.193425 0.397147 -0.851766 0.339552 0.160315 0.397296 0.78196 0.594466 -0.925624 0.75163 0.00974933 0.230729 -0.320427 -0.596067 
#
20 sigmoid 35
0.803151 -0.970692 0.6462 -0.755712 1.00946 -0.131887 -0.888155 0.218474 0.476503 0.798834 0.00337146 0.280485 -0.933641 0.889119 0.692244 -0.925176 0.918 0.331783 0.994905 -0.944384 
0.357539 -0.775182 0.992576 -0.424752 0.60579 -0.899136 0.682815 0.954293 -0.323507 0.128736 -0.868824 0.73048 -0.534753 0.834362 -0.974194 -0.104715 0.278721 -0.793467 -0.950306 -0.683069 -0.0156503 -0.361656 -0.0488276 0.528688 0.0801812 -0.906146 -0.286479 0.670131 -0.888964 0.917993 0.285077 -0.468883 0.352562 -0.650794 -0.801229 -0.76786 0.572204 0.103745 -0.042692 0.234975 -0.242685 -0.461883 -0.822738 -0.090888 -0.562017 -0.390317 -0.412056 0.418766 0.0368892 -0.229727 0.13564 -0.43291 -0.719063 -0.0557534 -0.150539 -0.0799055 -0.970898 0.820559 0.370227 0.390909 -0.87107 0.859331 -0.817735 -0.293168 0.146945 0.928612 0.574289 0.0709326 -0.608818 0.437282 0.00506881 0.807664 0.780669 -0.582676 0.431026 -0.933906 -0.598347 0.425475 -0.44632 0.757679 -0.0848762 0.369809 -0.473583 0.484523 0.45046 -0.546954 0.240207 -0.357048 0.578825 0.175095 0.275494 0.999107 -0.601598 -0.341164 0.451035 -0.428836 0.153168 -0.939047 -0.618862 0.650983 0.38325 0.331282 -0.284492 -0.886786 -0.77794 -0.55499 -0.679556 -0.406243 -0.536765 -0.0756359 -0.474017 0.0956878 0.708145 -0.848889 0.109693 0.148412 -0.368053 -0.463951 -0.744892 -0.492826 -0.598959 0.585576 -0.424107 0.090679 0.230853 -0.602108 0.790066 -0.473946 0.990637 0.124912 -0.233741 -0.0157826 -0.990375 -0.0928704 0.749361 0.127056 -0.594289 0.831357 -0.285908 0.625046 0.690752 -0.277444 -0.700132 -0.868263 0.596058 0.059437 -0.546931 0.83665 -0.691739 -0.910579 -0.26629 0.976887 -0.236695 -0.86847 -0.8201 -0.488231 0.724646 -0.790143 0.0117688 -0.552299 -0.172016 -0.390634 -0.83699 0.0739995 0.650824 -0.74675 1.03194 0.652308 -0.848697 -0.930029 -0.867347 0.217593 0.581252 0.232324 -0.238295 0.550209 -0.30403 0.22567 0.851593 -0.45692 -0.850359 0.640157 -0.769485 -0.376045 -0.938731 -0.918734 -0.67352 0.634655 -0.111746 -0.461627 -0.57823 -0.00965129 0.766987 -0.187339 -0.681335 -0.778829 -0.673055 0.402505 0.991086 -0.217533 -0.559076 0.854845 -0.310828 -0.246246 0.197643 -0.0311366 -0.915126 -0.738092 0.0135792 0.662803 -0.0610196 -0.0747897 0.124761 -0.807979 0.249791 0.125288 -0.0293312 0.693547 0.417539 0.991213 0.290543 0.774885 -0.689783 -0.0283416 -0.477619 -0.637672 -0.302168 -0.337809 -0.595709 -0.885832 -0.860251 0.331143 -0.954846 -0.972236 -0.679806 -0.264237 -0.925477 0.884097 -0.0564236 0.828242 -0.162226 -0.419735 0.0258199 0.464613 0.0189212 -0.451305 0.501638 -0.38786 -0.0333839 0.941627 0.925191 0.756291 -0.251806 0.915048 0.737373 -0.55126 0.578481 0.181954 -0.509515 0.602859 0.867032 0.289655 -0.858003 0.00230504 0.934876 0.229788 0.0131812 0.806046 0.655519 -0.212148 0.852293 0.834662 0.677115 0.0237079 0.792223 0.429879 0.956503 0.81046 0.267959 0.87591 0.750109 -0.584814 0.854238 0.308727 0.743455 0.507057 -0.270611 0.115605 -0.874405 -0.966675 -0.193525 0.230347 -0.803484 0.420938 0.383675 0.0526392 0.129132 -0.254698 0.902899 0.510422 0.649365 -0.579085 -0.609478 -0.820696 0.0435032 0.130533 0.815378 0.809443 -0.0654878 -0.363556 0.198692 -0.408371 -0.0288318 -0.932551 0.272055 0.0260996 0.761919 0.526068 -0.143564 -0.200886 0.0436273 0.294574 -0.682656 0.645248 -0.0678379 -0.406734 0.115783 -0.49236 0.144893 0.894545 -0.17016 -0.258739 0.378779 -0.47896 -0.571751 0.903385 0.97476 -0.476169 -0.530834 -0.296627 0.265658 0.512167 0.777425 -0.271503 0.548869 -0.600815 0.844821 0.0257598 -0.991884 -0.470613 0.792717 0.0994999 -0.560554 -0.462903 -0.661804 -0.297519 -0.541744 -0.231535 0.391955 -0.992916 0.208914 -0.239519 -0.484479 -0.527058 -0.806757 -0.107325 0.508395 -0.0713867 0.466231 0.247182 0.117281 -0.759757 0.364998 0.431373 0.463636 -0.284747 -0.619196 -0.824996 -0.396299 -0.714297 -0.855973 -0.623165 0.738078 0.0270637 -0.931388 0.567154 -0.0815918 0.378662 -0.698875 0.308271 -0.7413 -0.723311 -0.942742 -0.266248 -0.364269 0.0606989 -0.576784 -0.292473 -0.142797 0.78589 -0.350354 -0.630798 -0.894186 0.258275 -0.908849 -0.938536 -0.905865 -0.199494 0.908666 -0.789447 -0.403348 -0.767805 -0.473413 -0.115277 0.120677 -0.563372 -0.553392 -0.794253 0.141526 0.548167 -0.450119 0.574177 0.69189 0.704145 -0.813824 -0.810795 0.35538 0.156933 0.730552 -0.57407 -0.0125976 0.445659 -0.136576 0.383292 -0.00211253 0.0537838 0.576542 -0.451936 -0.889652 -0.220213 0.166577 0.341796 -0.729901 -0.844455 0.506049 0.00628694 -0.0269306 0.0018636 0.506214 -0.705347 -0.162429 0.504261 -0.61894 0.151046 0.0716723 0.288445 -0.817559 -0.909367 -0.631688 0.792067 0.678609 0.397229 -0.226462 0.356644 -0.64845 -0.16818 0.64144 -0.519409 0.295912 0.161774 -0.422737 0.0442269 -0.28736 0.741197 -0.693034 -0.41908 0.873304 -0.111401 -0.511113 -0.631122 0.704503 -0.832492 -0.559987 -0.166179 0.0326964 -0.0163206 0.595545 -0.658598 0.868427 -0.824314 0.422635 0.76138 -0.16093 0.715064 -0.894841 0.809008 0.209073 0.728576 -0.679005 -0.348848 -0.691468 -0.322346 0.146269 0.867311 0.848772 0.490321 -0.627927 -0.756102 -0.0762582 0.0733604 -0.0569251 0.837808 0.0425477 -0.687433 0.310202 -0.295637 0.95078 -0.923619 0.706477 0.209895 -0.515071 0.0236431 0.952626 -0.641192 0.812962 0.257993 -0.465901 0.376266 -0.987143 -0.362023 0.00887936 0.334601 0.34932 -0.371286 -0.0450087 -0.662863 -0.210771 -0.838653 -0.572176 -0.960691 0.115485 0.586641 -0.65326 0.310694 -0.211312 -0.622528 0.542431 -0.183728 0.741503 -0.827029 -0.0804668 0.885977 -0.141111 -0.884168 -0.185203 -0.211478 0.917289 -0.367494 0.540513 0.621197 -0.0977903 0.894951 0.0123274 -0.69837 -0.479437 0.340441 -0.547681 -0.801683 0.0909163 0.679003 0.824798 0.115197 0.667997 0.249865 -0.861461 0.169232 0.195621 -0.080551 0.0855931 0.350685 0.753912 -0.780681 -0.352574 -0.183973 -0.0317297 -0.253814 -0.45593 0.43094 -0.873333 0.521858 -0.29234 -0.360169 -0.57776 0.325242 0.195304 -0.253867 0.271561 0.882731 -0.763595 -0.426845 0.206656 0.844268 -0.200029 -0.954546 0.522802 -0.77644 0.477569 0.0912043 -0.960569 0.250928 0.923554 0.777871 -0.55334 0.0420989 0.827303 -0.258632 0.423138 -0.998896 0.661416 -0.87759 -0.0124556 -0.594719 0.738072 -0.937338 -0.775682 0.314546 -0.876682 0.558738 -0.636832 -0.845293 0.893201 -0.817715 0.74797 -0.713508 0.105181 -0.65553 -0.0513072 0.378158 0.565796 -0.306835 0.772389 0.277737 0.410373 0.428391 0.655985 0.625357 -0.870194 0.25373 -0.787274 -0.888224 0.121455 -0.143538 0.855548 -0.342285 0.654142 0.622785 0.239399 -0.841038 -0.224249 -0.97933 -0.235894 -0.938194 -0.467434 0.41058 -0.843473 -0.380546 -0.175457 0.527921 -0.73329 -0.380364 0.866794 -0.944686 0.302406 -0.260518 -0.627183 -0.902548 -0.708973 0.7418 -0.595697 -0.00902978 -0.502165 0.834117 -0.806305 -0.470693 0.0872064 0.570613 0.861046 -0.232578 0.987091 -0.281543 -0.746836 -0.960146 0.74101 0.384587 0.969482 -0.463785 0.342602 0.527469 0.230804 0.0817768 
#
10 tanh 20
0.805687 0.734388 0.693814 -0.435862 0.766969 -0.579317 0.0138144 -0.200316 0.203999 0.955509 
-0.0415249 0.37984 -0.093481 0.862043 -0.511826 0.402021 -0.771229 0.988251 -0.3692 0.545076 -0.0827212 -0.334337 -0.438074 0.727152 0.431454 -0.0666887 -0.473167 -0.792932 0.556972 0.171845 0.508133 0.554993 0.246371 0.228316 -0.261955 -0.728419 0.543891 0.0147213 -0.644328 -0.493842 -0.317432 -0.597824 -0.0176111 -0.781466 -0.0613162 0.0708714 -0.70885 1.03455 -0.176334 0.0118424 0.683869 -0.857129 0.167682 0.24434 -0.708165 0.432388 -0.949162 0.464575 0.365477 0.209387 -0.597125 -0.546081 -0.489685 -0.440592 0.535892 -0.649619 0.784378 -0.357641 0.0578466 -0.657393 0.631628 0.627174 -0.666079 -0.0609683 0.365749 0.0996043 0.0763674 0.638053 -0.66507 0.405109 0.473036 -0.104834 0.885137 0.641832 -0.0912086 -0.36475 -0.206276 0.644722 -0.79927 0.341311 -0.0758776 0.0637602 -0.896509 0.133628 0.898312 -0.71546 -0.012046 -0.359361 -0.744756 -0.0361832 0.297054 -0.328165 0.560749 0.296505 0.0366642 0.833729 0.670555 0.439094 -0.629617 0.639703 -0.788904 -0.470647 0.75327 0.686891 -0.666403 -0.272521 -0.374818 0.00321275 -0.19384 -0.651994 -0.302324 -0.559027 -0.168022 0.434176 -0.206777 0.896801 0.234048 0.142323 -0.241209 0.946714 0.909245 0.640723 0.13535 -0.0145535 0.293873 -0.712147 -0.87824 0.834021 -0.69416 -0.137873 0.336101 0.504108 0.760714 -0.180317 0.658329 0.397407 -0.648468 -0.29583 0.439434 0.246803 -0.684907 -1.02643 0.781791 -0.518605 -1.10275 -0.611854 0.563293 -0.878016 0.749928 -1.07098 -0.576871 -0.251021 0.652027 0.838981 0.782806 0.738367 -0.0874318 0.649255 -0.0420904 0.0963717 -0.74557 0.151783 -0.0736951 0.779929 0.686389 0.425619 -0.0496719 0.339766 0.726852 -0.522757 0.0864188 -0.895181 0.101997 -0.676041 -0.0225082 0.683544 -0.851405 0.265518 -1.04863 0.890951 0.503166 0.346623 -0.202606 -0.202323 0.886271 0.998291 0.929497 0.92572 -0.355097 0.625741 0.833964 -0.0878695 -0.132896 0.01034 0.962465 -0.484468 -0.412894 -0.643794 -0.726521 -0.72299 
#
1 sigmoid 10
-0.598929 
-0.16744 -1.43035 -0.755839 0.353939 -0.222557 -1.09149 0.231026 -1.12552 -1.01227 -0.388052 
